mat fuel -3.300070000E+00  tmp 900  vol 5.29970E+07
         531361       -3.092890000E-10
         581520       -2.027860000E-13
         330780       -3.405590000E-10
      Nb-94.09c       -1.307470000E-16
      I-129.09c       -4.379830000E-10
         400970       -6.176770000E-07
          40080       -3.401820000E-29
         551320       -1.424830000E-11
         481150       -1.251860000E-09
         691720       -1.687910000E-12
      I-135.09c       -4.692400000E-07
     Np-235.09c       -6.725690000E-12
         701720       -4.705110000E-12
         541351       -9.213230000E-11
         501320       -6.174330000E-11
         451200       -1.859010000E-17
     Rh-103.09c       -6.101540000E-18
     La-139.09c       -9.713210000E-06
         481111       -1.621900000E-16
         491200       -4.732810000E-13
      I-130.09c       -6.584690000E-10
         651700       -1.367000000E-19
         521270       -8.130690000E-15
         491291       -8.398520000E-14
     Sn-124.09c       -2.108930000E-07
         421100       -1.244790000E-15
         481131       -7.088200000E-11
         491120       -6.521340000E-24
         461130       -1.179550000E-11
         531331       -1.409180000E-11
         350860       -1.505840000E-10
         501311       -8.360010000E-11
     Tb-159.09c       -1.031590000E-07
     Pr-143.09c       -7.370790000E-06
         681710       -1.387330000E-12
         922390       -6.153480000E-12
     Mo-100.09c       -3.538520000E-10
     Rh-105.09c       -1.778470000E-14
         491280       -7.521680000E-14
      U-236.09c       -4.532600000E-03
          90200       -3.746260000E-12
         481230       -9.449840000E-14
         521360       -3.500200000E-11
      U-233.09c       -5.079410000E-02
         501251       -7.933750000E-11
     Am-244.09c       -3.512210000E-07
     Cm-241.09c       -2.051190000E-11
         451051       -2.934770000E-15
         330830       -7.410590000E-12
         471140       -2.544240000E-13
         531360       -6.617560000E-10
         561470       -4.093320000E-13
         471181       -7.999040000E-14
         280660       -4.686650000E-13
         822120       -9.401040000E-12
         410951       -3.302400000E-13
         421030       -2.603820000E-10
         391040       -1.375200000E-16
     Pu-237.09c       -2.269770000E-08
         631620       -1.665090000E-13
         461071       -3.604090000E-16
         561310       -4.725710000E-21
         571440       -7.313810000E-10
         511270       -3.712500000E-11
         320840       -2.016020000E-14
     Dy-160.09c       -2.483040000E-11
         401020       -1.294500000E-11
     Pm-147.09c       -2.346590000E-06
         651660       -3.031200000E-14
         471170       -2.272030000E-12
         320830       -8.957350000E-14
         621630       -1.963930000E-16
         410970       -2.150460000E-10
         561420       -1.387790000E-08
         330800       -4.026500000E-12
         651670       -9.832860000E-15
     Cf-249.09c       -8.153620000E-05
         300711       -8.227010000E-14
         551380       -7.776390000E-09
         511301       -7.843580000E-11
         300790       -1.067960000E-15
         481090       -1.468480000E-19
         430960       -0.000000000E+00
     Nd-142.09c       -4.094840000E-10
         611521       -1.744660000E-11
         320790       -1.507540000E-12
     Pd-106.09c       -1.227200000E-14
      U-238.09c       -3.859020000E-06
         491260       -1.252420000E-13
         461200       -2.955940000E-15
      U-237.09c       -2.827760000E-06
     Cm-246.09c       -3.798940000E-03
         340920       -1.927030000E-18
     Te-126.09c       -1.575390000E-14
         681720       -1.545920000E-12
         410971       -4.674610000E-13
     Ac-227.09c       -2.669230000E-14
         340850       -4.967460000E-11
         661580       -4.708580000E-17
     Cd-108.09c       -1.354770000E-23
         431090       -1.485260000E-12
         340880       -3.643470000E-13
     Sb-123.09c       -3.081370000E-12
         491220       -2.003230000E-13
         561331       -2.067280000E-18
         511310       -2.039060000E-10
         491271       -3.718270000E-13
         631580       -8.439350000E-10
     Xe-133.09c       -6.262450000E-11
      Sr-84.09c       -1.311440000E-15
         360810       -2.831620000E-26
         591450       -2.977580000E-07
         932400       -2.031350000E-13
     Ce-144.09c       -1.140260000E-05
         591540       -2.650020000E-13
         922420       -4.878030000E-28
         661650       -3.537560000E-11
         461120       -1.988430000E-11
         651650       -5.009600000E-13
       F-19.09c       -1.483880000E+00
         431100       -3.351040000E-13
         842130       -4.080970000E-23
         280690       -1.775590000E-16
      Kr-83.09c       -4.034150000E-13
         421060       -4.224200000E-11
         410980       -4.005070000E-11
     Eu-155.09c       -5.657720000E-07
         611590       -3.124670000E-14
          70130       -0.000000000E+00
       O-17.09c       -1.247070000E-14
         631500       -3.655920000E-17
         340860       -1.917250000E-11
         431130       -2.623610000E-16
     Th-234.09c       -1.663580000E-09
     Cm-247.09c       -5.531380000E-04
         380920       -9.441380000E-08
         370880       -3.056050000E-10
     Pu-238.09c       -2.519310000E-02
     Ce-141.09c       -1.183160000E-05
         862200       -1.416240000E-14
         932401       -4.251160000E-14
         571370       -1.341620000E-11
     Pb-208.09c       -1.661860000E-07
     Cd-106.09c       -6.158680000E-31
     Pd-105.09c       -9.369760000E-18
         591440       -4.874250000E-10
         290720       -1.483890000E-15
         481310       -1.003700000E-16
         320750       -3.414780000E-11
         310800       -2.305370000E-14
         421140       -1.755380000E-19
    Te-129m.09c       -7.511130000E-13
      Rb-86.09c       -4.280150000E-10
         591500       -2.425050000E-11
         541400       -7.254250000E-11
         360940       -2.388310000E-14
         340750       -1.449500000E-20
     Ru-104.09c       -2.688890000E-12
         651640       -1.662540000E-12
         300740       -2.221660000E-13
         541390       -2.090230000E-10
         451090       -3.628100000E-11
         671641       -8.950790000E-16
      Ru-98.09c       -1.784840000E-22
         491250       -2.116440000E-13
         691710       -3.275090000E-11
     Ru-106.09c       -8.809390000E-11
     Xe-126.09c       -1.417000000E-17
         270720       -5.933000000E-20
         581450       -2.577050000E-09
         350800       -8.455790000E-17
         511221       -2.158970000E-15
         481210       -1.009540000E-12
         591510       -4.357810000E-11
         390970       -2.608350000E-11
         431120       -3.015150000E-15
         651610       -1.910890000E-08
         340830       -1.316940000E-09
         661651       -2.122530000E-13
      Se-74.09c       -5.346680000E-18
         641610       -1.351600000E-11
         300730       -2.429320000E-14
         310760       -3.922090000E-13
     Cd-111.09c       -1.891900000E-11
         812060       -2.890650000E-26
         511261       -1.204570000E-13
      Mo-94.09c       -1.516990000E-19
     Gd-158.09c       -2.030980000E-07
      Mo-95.09c       -2.135720000E-16
     Eu-156.09c       -2.631320000E-07
         390960       -3.651360000E-11
         411020       -1.066890000E-11
         511330       -1.103820000E-10
         310810       -8.802700000E-15
         300710       -1.792660000E-14
         631490       -9.924660000E-21
         581380       -2.472450000E-13
         491140       -2.411710000E-20
         842180       -4.209020000E-22
     Cm-244.09c       -4.088970000E-02
    Cd-115m.09c       -6.176670000E-10
         601560       -7.408050000E-13
         491181       -1.424380000E-14
         451130       -1.277600000E-12
         491211       -1.096540000E-11
         581510       -5.660530000E-13
         892320       -5.062290000E-16
         822110       -4.508370000E-17
         310840       -6.526800000E-17
         280760       -2.198400000E-19
     Nd-143.09c       -3.988080000E-06
         581500       -7.363170000E-12
          80180       -1.336750000E-13
         471200       -4.447390000E-14
         501330       -3.991740000E-13
         340840       -3.127040000E-10
      Mo-99.09c       -1.912310000E-10
         330821       -2.524020000E-12
         290750       -4.675530000E-16
     Nd-148.09c       -4.877390000E-06
     Gd-160.09c       -6.747250000E-08
         812070       -5.827650000E-18
         571460       -3.036400000E-11
         360980       -5.929650000E-18
         381020       -1.125780000E-17
     Pd-108.09c       -6.027700000E-12
         591400       -2.118830000E-17
         611580       -4.081020000E-13
     Dy-161.09c       -2.027270000E-08
         491281       -6.383590000E-14
         411100       -3.989440000E-18
     Eu-157.09c       -2.374540000E-08
     Cd-114.09c       -3.539120000E-08
    Am-242m.09c       -6.476710000E-04
     Cs-137.09c       -2.757650000E-06
         882270       -6.859240000E-20
         591460       -1.694980000E-08
     Sb-121.09c       -3.086530000E-12
         661660       -3.827780000E-10
      Mo-96.09c       -2.924630000E-16
         541370       -4.852930000E-10
         541460       -4.142210000E-18
         441180       -1.013030000E-17
         340811       -1.363690000E-10
     Sb-124.09c       -1.466340000E-14
      Ge-74.09c       -1.705630000E-09
     Sn-116.09c       -4.067080000E-11
         561480       -4.412400000E-14
      Mo-92.09c       -0.000000000E+00
         330890       -4.783680000E-18
     Te-122.09c       -1.909680000E-17
         531390       -4.162580000E-12
         471240       -1.748770000E-16
         320850       -1.642800000E-15
         601570       -6.686270000E-14
         421010       -2.582610000E-10
         310741       -1.670110000E-15
         290730       -1.544480000E-15
         842120       -4.700920000E-23
         260660       -2.591440000E-19
         270710       -1.949710000E-19
     Sm-148.09c       -2.910450000E-09
         481290       -2.704420000E-16
     Pu-242.09c       -5.254370000E-02
         330810       -1.440030000E-11
         290740       -5.748920000E-16
         531340       -2.800330000E-08
         481300       -1.573480000E-15
         310820       -1.383420000E-15
         521380       -2.210550000E-13
         531420       -2.589550000E-15
         411040       -9.935530000E-12
         601510       -2.456010000E-09
         270730       -1.870490000E-20
         912350       -2.587630000E-17
         471221       -6.089470000E-15
         481240       -2.192950000E-14
         461110       -2.343920000E-11
         691690       -5.941330000E-11
      Sr-90.09c       -3.227600000E-06
         571410       -3.226230000E-07
         370960       -5.191670000E-14
      Ge-72.09c       -1.991890000E-10
         270680       -9.283770000E-19
         882210       -8.964270000E-28
      Sr-86.09c       -1.700170000E-10
     Te-125.09c       -3.249490000E-16
         491151       -1.024610000E-10
         290780       -3.185550000E-18
         350890       -5.680980000E-12
         300660       -1.521420000E-12
         451081       -1.170190000E-12
     Sn-125.09c       -1.106850000E-07
         902310       -6.200070000E-08
     Np-237.09c       -1.641390000E-03
         360900       -7.029050000E-11
     Te-123.09c       -7.391480000E-18
         591580       -5.565570000E-21
         942371       -4.784990000E-19
         421080       -9.411050000E-13
         481320       -6.846960000E-24
          80190       -9.533120000E-13
     Ag-109.09c       -1.509440000E-15
         591560       -2.306900000E-15
         501191       -2.611500000E-11
         641680       -2.547310000E-20
      Cu-65.09c       -5.331970000E-19
     Ag-107.09c       -1.001820000E-19
         360790       -2.562570000E-31
         571470       -1.590510000E-11
         541430       -7.575930000E-14
    Te-127m.09c       -2.489900000E-14
         581390       -2.634950000E-12
         431060       -1.272500000E-10
         400980       -4.786900000E-10
         451210       -4.347470000E-18
         952450       -1.899150000E-10
         571500       -4.183880000E-14
     Th-230.09c       -7.299610000E-06
         491180       -7.433470000E-13
         511290       -1.053720000E-10
      Nb-93.09c       -2.385740000E-17
     Bk-249.09c       -5.954830000E-06
         290790       -2.254690000E-19
         481270       -7.962080000E-16
         320820       -5.592660000E-13
         300770       -9.795120000E-15
          30080       -1.795220000E-14
         300720       -5.612450000E-11
         441160       -1.414670000E-15
         471151       -1.350610000E-13
         511281       -3.987260000E-12
         611450       -2.664880000E-16
         491171       -3.354600000E-10
     Sm-147.09c       -1.794420000E-08
      U-232.09c       -2.409930000E-06
         491320       -1.801410000E-15
         270660       -4.657680000E-19
         521350       -1.032740000E-10
     Pu-246.09c       -7.047340000E-17
         621580       -8.689890000E-11
      I-131.09c       -3.749910000E-08
         100200       -7.035200000E-12
     Ac-226.09c       -1.618850000E-28
         952460       -1.760740000E-19
         431160       -2.522270000E-18
         902350       -5.451500000E-16
         471120       -4.747590000E-13
         932420       -6.387860000E-29
         431010       -6.335170000E-12
         842160       -3.626120000E-17
         681690       -7.597140000E-11
         300750       -4.667100000E-14
         611570       -2.560410000E-12
         390950       -8.449970000E-09
         491261       -1.278720000E-13
         350850       -4.072430000E-10
         370900       -4.286330000E-10
         370990       -1.014840000E-17
     Te-130.09c       -1.878120000E-11
         511350       -6.503770000E-13
         340900       -2.309430000E-15
         270690       -1.097350000E-18
         611500       -1.006710000E-10
         461111       -1.026980000E-12
         340870       -3.488480000E-12
         561460       -4.452320000E-12
         390891       -5.597860000E-16
         511241       -1.032480000E-14
         290660       -7.363740000E-16
         611460       -3.733140000E-13
         812100       -3.570300000E-26
         390880       -7.628850000E-16
         320710       -1.027730000E-18
         451041       -2.124790000E-16
         922410       -2.762330000E-22
     Ru-103.09c       -2.496390000E-11
         511321       -5.518140000E-11
     Sn-118.09c       -9.439100000E-08
         431080       -1.709370000E-11
         310770       -2.614540000E-13
         912340       -1.675160000E-14
     Pa-231.09c       -1.403470000E-11
         411060       -3.974470000E-13
     La-138.09c       -1.392270000E-10
       Y-90.09c       -6.383750000E-10
         330740       -3.803520000E-17
     Gd-155.09c       -2.376910000E-09
         601530       -5.194350000E-11
         511220       -1.668030000E-15
     Am-243.09c       -5.790860000E-02
         631660       -4.533930000E-20
         360950       -1.496860000E-15
         350900       -1.255100000E-12
     Xe-134.09c       -2.016260000E-10
         551470       -1.120990000E-15
     Sn-115.09c       -2.012690000E-10
         591570       -9.289000000E-17
         330840       -9.704220000E-13
         671690       -5.874310000E-14
         411030       -1.292540000E-11
         922300       -4.600030000E-18
         461170       -4.210110000E-13
         942340       -5.733050000E-22
         561440       -1.454400000E-10
         501360       -6.059840000E-18
         912300       -7.320340000E-23
         491290       -4.260680000E-14
       Li-7.09c       -2.479160000E-01
         621560       -2.043560000E-08
         441130       -1.337010000E-13
         561330       -1.371460000E-16
         601580       -8.013470000E-15
         591480       -9.418250000E-10
         501270       -9.638910000E-09
         571520       -3.970750000E-16
         350820       -2.652690000E-10
         641590       -1.082910000E-08
         391020       -3.006960000E-14
     Np-236.09c       -3.697240000E-08
      Se-78.09c       -3.973790000E-08
         531320       -6.006780000E-09
         461091       -5.187960000E-14
      Se-77.09c       -1.380290000E-08
         411070       -2.567220000E-14
         521331       -2.434110000E-10
     Er-167.09c       -5.940010000E-10
         391050       -9.528360000E-19
         621640       -5.850180000E-20
         521330       -1.289070000E-10
         882290       -1.748060000E-15
         491300       -1.386500000E-14
         601520       -1.738230000E-09
         300670       -3.745170000E-12
     Am-242.09c       -3.999060000E-06
         561371       -2.662160000E-12
       O-16.09c       -1.389440000E-11
         962380       -3.777410000E-29
         641530       -9.527190000E-16
         391010       -2.107350000E-13
         541311       -1.917150000E-14
         471131       -2.187100000E-12
         441080       -1.247150000E-10
         932361       -6.646820000E-16
         290701       -3.939820000E-16
         360920       -2.717100000E-12
         451140       -3.793330000E-13
      Se-79.09c       -9.252980000E-08
         661720       -9.746180000E-24
         942350       -3.052780000E-19
         411110       -6.690460000E-19
         370950       -4.579730000E-13
     Sm-152.09c       -1.694000000E-06
         491161       -1.213920000E-13
         390961       -5.744040000E-11
         381030       -5.009810000E-19
         280740       -7.451570000E-18
         952400       -2.443910000E-10
         571430       -1.802040000E-08
         521231       -2.874280000E-17
         671710       -2.036430000E-15
         571480       -1.720640000E-12
         571450       -3.123220000E-10
         531430       -4.855320000E-17
         360870       -9.021050000E-11
         621450       -1.097200000E-30
         912341       -1.225920000E-16
         410920       -3.782690000E-29
         501301       -1.993860000E-10
         451150       -9.322270000E-14
         350830       -9.684520000E-09
         330850       -3.214720000E-13
         551310       -1.718060000E-21
         310780       -1.274520000E-13
      Kr-85.09c       -3.379520000E-12
         832130       -2.714440000E-14
         481231       -6.653920000E-16
     Ba-130.09c       -1.457940000E-28
         491210       -3.073030000E-12
         491190       -1.189270000E-11
         370930       -2.838830000E-11
         541380       -4.563620000E-10
         561430       -2.497660000E-10
         611530       -6.018260000E-10
         501231       -3.395160000E-10
         401000       -1.009230000E-10
         521340       -4.136240000E-10
         862220       -7.613010000E-19
         350840       -3.353420000E-09
         370980       -1.947330000E-15
         561390       -7.624910000E-08
         561361       -2.717110000E-15
         671701       -3.230950000E-16
         511300       -8.010520000E-11
         501291       -4.363220000E-10
          60140       -1.209880000E-16
         471080       -3.124640000E-27
         340831       -7.603510000E-12
         481191       -4.167530000E-12
     Pm-149.09c       -8.256200000E-07
         581370       -2.658420000E-22
     Ra-226.09c       -1.881860000E-09
         461240       -4.148070000E-18
         380871       -3.113130000E-15
         832110       -2.672530000E-18
         631640       -1.626840000E-15
         270700       -4.115790000E-19
         461160       -1.430520000E-12
         360970       -1.121200000E-16
         501271       -1.043810000E-10
         561500       -1.300800000E-16
         932340       -8.759130000E-18
         310690       -1.216440000E-11
         471230       -8.748100000E-16
         541270       -1.291140000E-27
         912290       -9.570150000E-26
         411080       -1.597260000E-15
         390920       -1.251100000E-07
         641660       -2.831650000E-15
         290770       -1.413520000E-17
      I-127.09c       -8.608490000E-12
      Kr-86.09c       -6.731980000E-11
         461190       -1.831550000E-14
         561490       -2.431270000E-15
     Ru-102.09c       -8.619800000E-12
         501171       -3.172750000E-11
          20060       -9.181450000E-14
         350870       -1.548590000E-10
         601590       -3.703150000E-16
         410960       -3.265920000E-13
         441100       -2.044330000E-11
         501310       -8.180330000E-11
         631650       -1.026460000E-16
         832120       -8.916520000E-13
         451220       -1.705280000E-19
         541341       -1.710230000E-13
         531260       -1.609290000E-12
         330770       -3.040510000E-09
         511370       -2.325980000E-15
         501280       -8.251770000E-09
      Se-82.09c       -4.576570000E-07
         661690       -5.459360000E-15
         471190       -1.893810000E-13
       N-15.09c       -5.166010000E-12
          70170       -3.446600000E-29
         922400       -1.052300000E-15
     Xe-135.09c       -3.981560000E-10
         340791       -3.217320000E-11
          60150       -8.930980000E-27
         280700       -1.329660000E-16
     Sn-117.09c       -4.468310000E-08
         260680       -6.829290000E-20
         581470       -4.976780000E-10
     Ce-140.09c       -4.016170000E-06
     Cm-250.09c       -1.114860000E-10
         400890       -1.893840000E-18
         390931       -7.348210000E-13
         621600       -4.766640000E-13
         290681       -1.033550000E-16
     Ru-101.09c       -1.545770000E-13
       Y-91.09c       -4.343810000E-06
         471260       -1.299580000E-17
         290680       -3.230770000E-16
      Zr-94.09c       -8.348180000E-06
     Te-128.09c       -2.678770000E-13
         822140       -3.571130000E-21
         360851       -4.698560000E-11
         671670       -1.047340000E-11
     Pm-151.09c       -2.929100000E-07
         310720       -1.592770000E-11
     Ag-111.09c       -9.943340000E-14
         340771       -1.257600000E-15
     Cd-112.09c       -4.551970000E-11
         481211       -4.566440000E-13
         401010       -1.866980000E-11
         611550       -3.375180000E-11
         360831       -2.291280000E-11
         350821       -2.926710000E-13
         461210       -5.841890000E-16
         390990       -6.773870000E-12
         551440       -1.196880000E-12
         280750       -2.732840000E-18
         802060       -7.962720000E-28
         290670       -1.313060000E-12
         501281       -7.023310000E-12
     Sm-149.09c       -2.667390000E-06
         601540       -2.362160000E-11
     Nd-145.09c       -8.766200000E-06
     Pr-142.09c       -4.430670000E-11
         370970       -8.609570000E-15
     Np-239.09c       -5.084380000E-08
         451060       -1.729840000E-14
      Zr-96.09c       -9.119950000E-06
         621610       -6.341920000E-14
     Ba-140.09c       -8.484970000E-06
     Pd-110.09c       -3.747030000E-11
         441200       -6.146030000E-20
         310710       -8.126860000E-11
     Ba-136.09c       -1.693880000E-07
         591481       -9.367410000E-11
     Sn-126.09c       -4.947070000E-07
     Sn-123.09c       -6.097290000E-08
     Cm-249.09c       -8.402650000E-10
     Ba-138.09c       -2.833270000E-06
      Mo-97.09c       -1.038260000E-12
         451180       -8.757750000E-16
      Kr-80.09c       -1.520440000E-18
         521210       -1.436500000E-29
     Er-166.09c       -7.251740000E-10
     Ba-137.09c       -1.465180000E-08
         471201       -9.324440000E-15
     Sm-150.09c       -8.195530000E-08
         902250       -1.894920000E-26
         310680       -6.272790000E-22
         300760       -3.446220000E-14
         491221       -3.023890000E-13
         541450       -2.284890000E-16
     Cs-133.09c       -2.099670000E-10
      As-75.09c       -4.362570000E-09
      Sr-88.09c       -1.829230000E-07
         812080       -1.585240000E-14
         611541       -1.928480000E-11
         551480       -1.982110000E-17
         511390       -4.829860000E-19
         621590       -1.435750000E-12
         862180       -5.268830000E-24
         641670       -1.573270000E-16
         631600       -3.680860000E-12
         411001       -4.859930000E-12
         280710       -7.209000000E-17
         611610       -2.453010000E-16
       Li-6.09c       -5.480980000E-05
         461180       -1.051470000E-13
         260690       -2.890640000E-20
         410991       -3.520980000E-11
         501350       -8.948050000E-16
         661700       -1.508800000E-15
         350940       -2.130320000E-16
         671660       -1.103760000E-10
         430970       -0.000000000E+00
         581530       -2.241830000E-14
     Cs-134.09c       -2.437280000E-09
         430971       -0.000000000E+00
         430980       -6.423590000E-19
         401030       -1.686330000E-12
     Cf-250.09c       -6.781280000E-15
       He-3.09c       -4.864620000E-20
      Tc-99.09c       -2.675140000E-15
         561410       -2.524720000E-08
         421020       -3.133540000E-10
         651680       -1.088280000E-15
         882220       -5.835470000E-21
          40100       -5.605010000E-06
          60120       -3.394130000E-17
         832140       -2.652210000E-21
         360910       -1.989290000E-11
         611560       -1.224830000E-11
      Rb-87.09c       -5.024360000E-08
         380960       -6.618420000E-12
     Pd-104.09c       -2.106680000E-17
         551450       -1.493520000E-13
      Se-76.09c       -2.205490000E-12
         330751       -1.598410000E-30
         491201       -2.413780000E-13
      Ru-99.09c       -2.267550000E-19
         380980       -7.371070000E-13
         441120       -6.938700000E-13
     Cm-248.09c       -1.956300000E-04
         521390       -7.805220000E-15
         431140       -1.238210000E-16
         501210       -1.443910000E-08
         370861       -2.597610000E-14
         631541       -5.322200000E-13
        H-1.09c       -9.224640000E-14
         511320       -1.302010000E-10
         431050       -1.447450000E-10
         501211       -7.862230000E-09
         481190       -1.964960000E-11
         330870       -7.686020000E-15
         431070       -8.044600000E-11
         421040       -2.249940000E-10
         390930       -4.211910000E-07
         822090       -1.140290000E-13
     Cf-251.09c       -4.678410000E-11
         892280       -4.422870000E-14
         280730       -1.710100000E-17
         651630       -2.352600000E-11
         962510       -1.261910000E-16
          40110       -7.318740000E-30
     Xe-132.09c       -1.639010000E-11
         611540       -1.761560000E-10
         411050       -4.852580000E-12
         511200       -3.192180000E-24
         551341       -2.011920000E-11
         320810       -1.385440000E-12
         431000       -5.030690000E-15
         872220       -7.688140000E-35
         461150       -3.246010000E-12
         521400       -1.073550000E-15
     Pd-102.09c       -0.000000000E+00
     Er-170.09c       -6.050630000E-11
     In-113.09c       -1.606510000E-13
         320800       -5.887650000E-12
         882280       -3.624890000E-10
         491231       -2.228230000E-12
      Ge-73.09c       -6.760900000E-10
         481280       -2.472030000E-16
     Bi-209.09c       -7.813930000E-09
         290710       -2.308270000E-15
         310740       -1.268240000E-12
         441110       -2.369090000E-12
         350801       -3.566270000E-16
         591470       -7.487310000E-09
         892290       -2.740070000E-14
         260670       -3.535140000E-19
      Nb-95.09c       -2.990810000E-11
     Nd-144.09c       -3.006120000E-07
         601600       -1.745920000E-20
         300800       -1.079070000E-16
         531380       -3.349570000E-11
     Ba-134.09c       -2.848060000E-11
     Np-238.09c       -8.234940000E-07
         471161       -1.411470000E-13
         320791       -2.051860000E-12
         852170       -3.265830000E-19
         591530       -1.953770000E-12
     Cd-116.09c       -2.224920000E-08
         441070       -1.059540000E-10
     Cs-135.09c       -3.220080000E-08
         651620       -1.506030000E-11
         471150       -2.967870000E-12
         551381       -3.900210000E-10
     Gd-154.09c       -9.388320000E-12
         410941       -3.550610000E-17
     Dy-164.09c       -6.016290000E-09
         381000       -7.215470000E-15
     Xe-129.09c       -2.190930000E-17
         441140       -2.994720000E-14
         521410       -1.628480000E-17
     Nd-146.09c       -7.431360000E-06
         932330       -3.952160000E-26
         451031       -1.774830000E-16
         581550       -5.822400000E-17
         391030       -2.439080000E-15
         631521       -3.496820000E-14
         300690       -6.486170000E-14
         410990       -1.329760000E-10
     Ce-142.09c       -1.451840000E-05
         631610       -1.229970000E-12
         300691       -2.184180000E-16
      Ge-76.09c       -8.624550000E-09
      Zr-95.09c       -8.012010000E-06
         471091       -2.677720000E-15
     Eu-153.09c       -9.659080000E-07
         571420       -1.249000000E-07
         380850       -9.449130000E-19
         380950       -2.213290000E-10
     Cs-136.09c       -7.940160000E-08
         511341       -6.973040000E-12
         431021       -1.011340000E-12
       B-10.09c       -1.610290000E-11
         551410       -3.846780000E-10
         370940       -6.597740000E-12
         471171       -1.714630000E-13
     Th-227.09c       -4.304040000E-14
         390980       -2.766200000E-12
         280720       -4.270280000E-17
     Ba-135.09c       -4.626370000E-11
         401040       -3.860040000E-13
         511380       -3.555010000E-17
         290700       -5.575440000E-16
      Rb-85.09c       -1.626560000E-09
         461030       -1.477560000E-29
     Cd-113.09c       -7.192270000E-09
         360811       -2.771970000E-27
        H-3.09c       -9.096060000E-13
     Pb-206.09c       -3.613910000E-14
     Pd-107.09c       -1.902030000E-13
         360890       -1.170840000E-10
      Zr-93.09c       -7.295900000E-06
         601550       -3.391330000E-12
      Ge-70.09c       -1.945140000E-15
         922351       -2.607600000E-08
         370890       -1.459790000E-09
     Ce-143.09c       -2.129140000E-06
         451160       -2.485450000E-14
         501340       -3.393090000E-14
         671700       -1.284060000E-14
    Ag-110m.09c       -1.563480000E-15
         581490       -1.890270000E-11
         431170       -2.434910000E-20
         451080       -4.798570000E-12
      Sr-87.09c       -3.446940000E-11
         360930       -5.406570000E-13
         421130       -2.750810000E-18
         350880       -3.322840000E-11
         561351       -2.700650000E-12
         681671       -2.544250000E-16
         671631       -1.911620000E-31
         591520       -4.119740000E-12
     Am-241.09c       -2.344490000E-02
         491240       -3.012680000E-13
         300810       -6.459760000E-18
         972510       -4.176270000E-16
         481250       -4.260310000E-15
         501290       -3.631410000E-10
         300780       -4.709050000E-15
      Zr-90.09c       -1.758830000E-09
         410981       -2.236180000E-12
         551420       -1.397950000E-11
         842110       -2.964250000E-23
         892310       -1.935400000E-18
         380940       -8.433030000E-10
     Sn-120.09c       -1.011100000E-07
     Th-229.09c       -2.472710000E-06
         822100       -6.121010000E-14
      Zr-91.09c       -5.453850000E-07
      Kr-84.09c       -3.973100000E-11
         481171       -1.033170000E-10
         360880       -1.173390000E-10
         320780       -3.225490000E-10
         541331       -2.891860000E-12
         641650       -1.844630000E-14
         872230       -6.951860000E-22
         942450       -9.470570000E-10
         531440       -1.001800000E-23
         491251       -1.018960000E-12
     Cm-245.09c       -1.040800000E-02
         491340       -5.913300000E-19
         471180       -3.681600000E-13
         390981       -6.531470000E-12
         310850       -1.137040000E-19
         471081       -1.847940000E-29
       N-14.09c       -1.312490000E-25
         661670       -3.397000000E-13
         591550       -1.947100000E-14
         481220       -5.236230000E-13
         451120       -2.558450000E-12
         461220       -1.859720000E-16
         330900       -3.787170000E-20
          70160       -4.766980000E-12
       B-11.09c       -8.890750000E-15
     Th-228.09c       -5.850990000E-08
         491191       -8.598600000E-11
     Xe-136.09c       -5.588520000E-10
         381010       -3.738880000E-16
         370840       -1.462190000E-13
         531330       -2.253030000E-07
         350930       -1.780810000E-15
         842150       -3.777490000E-23
     Er-168.09c       -3.194480000E-10
         411090       -1.025340000E-16
         391000       -1.128540000E-12
         581480       -3.404420000E-10
         591441       -4.402600000E-12
         380970       -1.230000000E-12
         671640       -8.322270000E-16
         440970       -9.087840000E-35
         350950       -5.756870000E-20
         421110       -1.162270000E-16
     Ra-225.09c       -1.349940000E-11
         451070       -1.185170000E-11
         491270       -1.166730000E-13
         531410       -2.510730000E-14
     Nd-147.09c       -3.540260000E-06
     Sb-125.09c       -5.774770000E-12
         511360       -3.837360000E-14
     Sn-122.09c       -1.180750000E-07
         902260       -2.867560000E-19
         320770       -1.037440000E-09
         932410       -7.679210000E-22
      Mo-98.09c       -2.913070000E-10
         541440       -7.793580000E-15
     Bk-250.09c       -3.937280000E-19
         511340       -7.930980000E-13
         421070       -8.218360000E-12
         401060       -1.017850000E-15
          60130       -4.600930000E-15
         862190       -8.555780000E-20
         531341       -8.181500000E-10
         481260       -2.001850000E-15
         812090       -2.686130000E-17
         350910       -7.530370000E-14
         651570       -1.347400000E-13
         581460       -9.435290000E-09
     Nd-150.09c       -2.846550000E-06
         471270       -2.330130000E-18
         541410       -4.924980000E-12
         551460       -1.072670000E-14
         451110       -1.230240000E-11
      Kr-82.09c       -4.399500000E-14
     Gd-156.09c       -1.272120000E-07
     Ho-165.09c       -2.711420000E-09
         511201       -3.501100000E-18
      Kr-78.09c       -1.523940000E-27
       Y-89.09c       -1.358000000E-07
         611600       -6.760410000E-15
         310700       -3.903200000E-18
         451020       -6.654100000E-30
         571510       -8.226820000E-15
         451101       -2.357080000E-12
         360960       -1.040680000E-15
         310790       -7.008820000E-14
         471100       -2.875230000E-16
         330760       -3.278100000E-13
     Th-233.09c       -3.906170000E-07
     Eu-151.09c       -4.008150000E-10
         370901       -5.446010000E-10
         451061       -2.841030000E-14
         471130       -5.866000000E-13
         380990       -5.682400000E-14
         581391       -1.675090000E-16
         671620       -4.281220000E-30
         431110       -1.998560000E-14
         922310       -2.767540000E-14
         591421       -2.178970000E-13
         531400       -3.203440000E-13
         471060       -1.395060000E-31
         340810       -5.246050000E-10
     Cd-110.09c       -7.457180000E-12
     Ra-224.09c       -3.012880000E-10
      Se-80.09c       -1.717080000E-07
         441150       -9.822150000E-15
         852180       -6.788740000E-28
         551390       -7.974100000E-09
         621570       -2.179370000E-10
         340890       -2.017890000E-14
         411041       -1.963960000E-12
         471250       -5.321710000E-17
         451170       -5.441340000E-15
         521290       -3.953650000E-13
         461140       -8.155470000E-12
       He-4.09c       -6.615400000E-11
         521251       -1.847130000E-15
         541420       -1.182420000E-12
         461090       -9.458970000E-12
         651690       -5.972850000E-18
         661710       -7.128290000E-18
         661590       -2.265140000E-18
         451190       -2.512150000E-16
     Ac-225.09c       -9.058640000E-12
         370920       -2.976690000E-11
         411021       -1.516620000E-11
     Xe-130.09c       -3.200000000E-13
         300700       -2.277700000E-11
     Cm-242.09c       -7.918900000E-04
     Pu-243.09c       -9.064380000E-07
         320870       -2.359640000E-17
         471280       -2.691580000E-19
      Br-79.09c       -4.866340000E-11
         531321       -1.966650000E-09
     Pa-232.09c       -8.550240000E-19
         420930       -1.154520000E-31
         421120       -2.607870000E-17
     Xe-131.09c       -1.113820000E-12
         300820       -1.833150000E-19
         320751       -7.034610000E-15
         350841       -5.319570000E-11
         330880       -1.120570000E-15
         521310       -3.008750000E-11
      U-235.09c       -9.567230000E-03
     La-140.09c       -9.174090000E-07
         320880       -2.538900000E-20
          50120       -3.001770000E-28
         671680       -8.913950000E-14
         681630       -5.850320000E-23
         641640       -2.977340000E-13
         461230       -2.315800000E-17
     Te-132.09c       -2.186020000E-10
         411000       -2.248770000E-11
         441090       -6.197480000E-11
         401070       -8.017450000E-18
     Pu-244.09c       -3.096700000E-05
     Gd-152.09c       -4.870330000E-13
     Sm-151.09c       -1.806020000E-06
     Th-232.09c       -7.658870000E-01
         431040       -1.005910000E-10
     Pb-207.09c       -1.333580000E-11
         561450       -2.309830000E-11
         431030       -6.492760000E-11
     Eu-154.09c       -3.735750000E-09
         371000       -1.425390000E-16
          90180       -4.809510000E-12
         390940       -1.463880000E-08
         641510       -3.122700000E-20
         681650       -1.240020000E-17
         270670       -1.579300000E-18
     Sm-153.09c       -2.545090000E-07
         330790       -7.866710000E-11
      Br-81.09c       -3.010540000E-07
         340910       -1.672420000E-16
         401050       -3.064610000E-14
         491310       -8.231230000E-15
         611620       -4.600350000E-20
         280670       -1.206560000E-16
     Pu-236.09c       -7.556880000E-09
         471111       -2.698840000E-13
         952390       -1.906840000E-13
         421090       -5.689780000E-14
     Xe-128.09c       -1.472640000E-15
         511280       -5.273660000E-11
     Eu-152.09c       -4.028030000E-12
      U-234.09c       -2.711130000E-02
     Dy-162.09c       -2.096170000E-08
         671630       -9.014500000E-21
         400990       -3.168220000E-11
     Gd-157.09c       -2.682390000E-07
         962390       -5.197480000E-24
         862170       -3.821820000E-25
         410931       -7.457550000E-18
     Sn-112.09c       -2.026830000E-21
        H-2.09c       -9.305900000E-15
         491241       -2.935120000E-13
         501300       -4.469180000E-10
         551300       -2.516610000E-29
         671661       -5.353750000E-12
         340930       -2.237600000E-19
     Er-164.09c       -1.233690000E-13
         310830       -7.485150000E-17
     Sn-119.09c       -1.001180000E-07
         621620       -3.677620000E-15
         521311       -6.042310000E-11
     Sb-126.09c       -3.052010000E-13
         571530       -9.307160000E-20
         491141       -6.455740000E-17
         661680       -2.270170000E-13
     Pu-241.09c       -3.870340000E-02
         651580       -2.538630000E-12
    Pm-148m.09c       -2.996070000E-09
         320771       -5.437270000E-14
         330820       -6.019950000E-12
         401080       -8.796700000E-19
         370910       -4.052040000E-10
     Ru-105.09c       -9.073460000E-12
         430991       -1.484150000E-14
         571490       -4.359910000E-13
         551351       -6.129000000E-11
         491230       -8.349860000E-13
       Be-9.09c       -7.974530000E-02
         842100       -1.031500000E-15
         431150       -2.969450000E-17
     Cm-240.09c       -3.493420000E-14
     Ra-223.09c       -2.586430000E-14
    Am-244m.09c       -2.257000000E-07
     Pm-148.09c       -1.719460000E-09
         300680       -6.651970000E-12
         631590       -1.909710000E-10
         872210       -3.027540000E-15
         601490       -3.498930000E-08
         441190       -5.977140000E-19
         491160       -3.753970000E-16
         551400       -1.026500000E-09
         390911       -1.312150000E-08
         531280       -1.138050000E-13
     Ru-100.09c       -6.628020000E-15
         330860       -9.346070000E-14
     Pa-233.09c       -6.201960000E-09
         471210       -1.933910000E-14
     Tb-160.09c       -2.382960000E-10
          30090       -8.805490000E-21
         641630       -1.192260000E-12
         290760       -1.006500000E-16
         521370       -1.955850000E-12
         491170       -1.166750000E-10
     Te-124.09c       -9.411250000E-16
     Sm-154.09c       -8.369490000E-07
         350780       -2.840310000E-22
      Zr-92.09c       -6.231860000E-06
         491330       -7.852050000E-17
         320860       -3.722320000E-15
         561510       -1.532600000E-18
         832100       -3.781870000E-17
         310750       -8.517770000E-13
         621460       -3.905930000E-15
         451040       -4.244110000E-17
         581540       -1.645900000E-15
         431020       -2.167570000E-12
     Sn-114.09c       -2.359780000E-16
         290690       -3.290960000E-15
     In-115.09c       -3.925290000E-09
         611520       -6.380650000E-10
     Ba-132.09c       -3.059870000E-13
         380910       -2.675710000E-07
         481200       -7.546960000E-12
         621550       -1.203710000E-09
         551430       -6.936330000E-12
         441170       -7.609670000E-17
         591490       -7.469320000E-10
         641620       -1.601840000E-11
         310730       -1.863120000E-11
         551361       -3.703940000E-12
         421050       -1.432650000E-10
         350920       -8.113010000E-15
         451100       -5.430940000E-12
         601410       -1.527420000E-19
         541291       -7.185390000E-25
         531301       -1.845890000E-12
         481170       -5.600800000E-10
     Pr-141.09c       -2.673440000E-06
         411010       -8.550510000E-11
         380930       -5.163550000E-09
         531370       -2.539660000E-10
     Cm-243.09c       -1.074040000E-04
         671720       -1.105950000E-16
     Dy-163.09c       -1.285160000E-08
         481180       -4.466340000E-10
     Pu-240.09c       -2.429390000E-01
         280680       -2.855070000E-16
      Sr-89.09c       -9.339250000E-07
         952380       -2.313650000E-29
         701710       -3.501050000E-13
         320731       -3.725760000E-17
         471160       -2.680690000E-12
         631630       -3.112070000E-14
         471220       -2.203350000E-15
         390901       -3.855190000E-13
         571461       -2.837260000E-11
     Pu-239.09c       -1.304810000E-01
         842140       -2.464330000E-26
