mat fuel -3.298630000E+00  tmp 900  vol 5.29970E+07
       N-15.09c       -2.787900000E-12
     Ce-141.09c       -1.423710000E-05
         511300       -7.200240000E-11
     Pu-243.09c       -5.502020000E-08
         581550       -3.590060000E-18
     Cm-250.09c       -3.954530000E-11
         611620       -8.405980000E-21
         340880       -6.745510000E-13
         641590       -1.724150000E-09
         591570       -7.699120000E-18
     Nd-145.09c       -9.934290000E-06
         531320       -5.308550000E-09
      Ge-76.09c       -1.805410000E-08
         391020       -4.685570000E-14
         481220       -3.354710000E-13
         511360       -2.269640000E-14
         401070       -5.760890000E-18
         511290       -1.176630000E-10
     Sm-149.09c       -1.006550000E-06
         330890       -7.767190000E-18
         471190       -6.995310000E-14
     Pd-107.09c       -1.860220000E-14
         461071       -1.142830000E-17
     Th-227.09c       -4.744520000E-13
         320800       -1.279390000E-11
         340870       -6.340950000E-12
       Y-90.09c       -1.343220000E-09
         601510       -1.291270000E-09
         651570       -3.441430000E-17
      Ga-71.09c       -1.155040000E-10
         531280       -9.977320000E-15
     Ru-101.09c       -1.034490000E-13
         471091       -3.264010000E-16
         440970       -0.000000000E+00
         451160       -5.087590000E-15
         842120       -1.498230000E-23
      Sr-86.09c       -3.631100000E-10
     Xe-131.09c       -1.499590000E-12
         541311       -2.014180000E-14
         370880       -8.412610000E-10
         411100       -4.050860000E-18
     Pm-149.09c       -5.952730000E-07
         671670       -2.304330000E-12
         812100       -1.007050000E-26
      Ru-99.09c       -1.995650000E-20
         360930       -7.628110000E-13
         882280       -5.791040000E-10
      Sr-88.09c       -5.022950000E-07
         410991       -3.817020000E-11
         561450       -2.629770000E-11
         541390       -2.090820000E-10
     Cd-112.09c       -1.056130000E-11
         962390       -5.134690000E-27
         651640       -3.901100000E-13
         591470       -6.952610000E-09
         802060       -8.545940000E-27
         330800       -7.996450000E-12
         370950       -3.707330000E-13
        H-1.09c       -5.294080000E-14
         501231       -3.112100000E-10
     Sn-123.09c       -5.053430000E-08
         511310       -1.771220000E-10
         862200       -4.513660000E-15
         290730       -3.231660000E-15
         912341       -1.062600000E-10
         471120       -1.342560000E-13
     Dy-158.09c       -7.680920000E-20
         411030       -5.034540000E-12
         601580       -6.926990000E-16
     Bk-249.09c       -2.677100000E-06
      Zr-94.09c       -1.250600000E-05
         591580       -1.016940000E-21
         431030       -2.513850000E-11
         952460       -6.236780000E-20
          60150       -1.969870000E-27
         571450       -3.550110000E-10
         551420       -1.230610000E-11
         491141       -5.091980000E-17
         491140       -8.676570000E-21
      Nb-94.09c       -1.559880000E-17
     Xe-136.09c       -5.678290000E-10
         421090       -1.951870000E-14
         531440       -7.379950000E-23
         491300       -2.283530000E-14
     Np-238.09c       -4.900030000E-06
         631590       -3.042620000E-11
         451020       -6.392890000E-31
      Kr-80.09c       -4.609190000E-18
     Gd-157.09c       -2.288690000E-08
         681671       -5.617020000E-17
         942450       -1.183250000E-10
         340750       -1.485060000E-20
         521231       -7.343610000E-21
         832110       -2.990070000E-17
         842140       -1.862120000E-25
         431020       -1.162580000E-12
      Zr-93.09c       -1.182880000E-05
     Mo-100.09c       -2.963940000E-10
     Eu-157.09c       -4.202810000E-09
         431130       -1.444570000E-16
     Np-237.09c       -2.016450000E-03
         952450       -3.218570000E-11
         501301       -1.773110000E-10
         501300       -4.054320000E-10
         511221       -9.874210000E-17
     Cm-242.09c       -4.965350000E-06
         370920       -4.883260000E-11
         521350       -8.671360000E-11
     Sn-116.09c       -4.183540000E-11
         330790       -1.658960000E-10
     Pu-237.09c       -9.589460000E-10
         300730       -4.887410000E-14
         641640       -7.163030000E-14
         661710       -1.866200000E-18
         591400       -1.040140000E-17
         832130       -3.280530000E-15
         350820       -2.432070000E-10
         270700       -3.328370000E-19
         491200       -2.538290000E-13
         491201       -1.426210000E-13
     Th-230.09c       -1.362910000E-06
         681690       -1.748580000E-11
         531340       -2.570170000E-08
         531341       -7.227130000E-10
         601560       -1.275140000E-13
         390901       -9.568250000E-14
     Pm-147.09c       -2.156970000E-06
      U-240.09c       -4.382270000E-14
         471220       -9.371930000E-16
         471221       -2.409490000E-15
       B-11.09c       -6.651740000E-14
         611570       -4.063970000E-13
      I-129.09c       -2.653470000E-10
         812080       -5.052300000E-15
         491151       -4.449930000E-11
         280710       -3.903440000E-17
         822120       -2.996200000E-12
         451150       -2.055640000E-14
         401000       -8.351940000E-11
      U-239.09c       -2.419430000E-10
         431170       -6.258290000E-23
         481300       -9.218420000E-15
         691720       -1.463210000E-13
         451110       -2.321310000E-12
         541460       -4.016360000E-18
         481260       -3.664000000E-15
     Ru-102.09c       -4.605110000E-12
         430971       -0.000000000E+00
         430970       -0.000000000E+00
         310750       -1.951830000E-12
          80180       -5.948570000E-14
         401050       -4.120350000E-14
      Ge-72.09c       -3.195540000E-10
         260660       -1.328690000E-19
         431070       -9.695280000E-12
         571461       -2.721220000E-11
         381010       -3.684050000E-16
         521400       -3.680560000E-15
         340930       -2.407700000E-19
         591560       -1.872150000E-16
         882210       -3.583480000E-27
     Cm-244.09c       -1.944650000E-03
         340830       -2.812760000E-09
         340831       -1.499240000E-11
         420930       -4.585480000E-33
     Ag-109.09c       -1.801820000E-16
     Te-128.09c       -2.053880000E-13
         491270       -1.415860000E-13
         441110       -3.966630000E-13
         571500       -1.472700000E-14
         431000       -3.036420000E-16
         431080       -2.413790000E-12
         380910       -5.268050000E-07
         461230       -2.168750000E-17
     Ru-105.09c       -1.957490000E-12
         701720       -4.055180000E-13
      U-232.09c       -1.225930000E-06
         541430       -3.911610000E-14
         390931       -1.305830000E-12
         491250       -1.955520000E-13
     Cd-116.09c       -7.804240000E-09
         501290       -3.946070000E-10
     Cs-134.09c       -6.909260000E-10
      Sr-90.09c       -7.041790000E-06
         451200       -1.506190000E-17
     Ag-107.09c       -3.160660000E-21
         591460       -1.789190000E-08
         290760       -2.153150000E-16
         491280       -4.435860000E-14
     Pa-231.09c       -3.929210000E-07
         471171       -6.750590000E-14
         511350       -4.207610000E-13
         842110       -3.316450000E-22
         431100       -7.375860000E-14
         561310       -3.172310000E-23
     Cm-249.09c       -3.924780000E-10
     Pu-240.09c       -1.467690000E-04
         461170       -1.397290000E-13
         501310       -6.920600000E-11
         310720       -2.555570000E-11
         330840       -1.588550000E-12
     Nd-142.09c       -9.220270000E-10
         501311       -7.083360000E-11
     Ra-225.09c       -1.631490000E-12
         300690       -2.628370000E-14
         300691       -2.888180000E-16
     Cd-106.09c       -8.271720000E-33
      Mo-98.09c       -2.965380000E-10
     Ba-138.09c       -2.905530000E-06
         461120       -4.474940000E-12
         581450       -2.927060000E-09
          90200       -5.649620000E-12
     Xe-128.09c       -1.290540000E-16
     Xe-126.09c       -1.394220000E-18
     Pd-104.09c       -3.851760000E-19
         320850       -2.734530000E-15
         340840       -6.702170000E-10
         451060       -1.746570000E-15
         451061       -2.229840000E-15
         551460       -5.838910000E-15
         902260       -2.198160000E-18
     Pu-246.09c       -2.496270000E-17
         501291       -4.811470000E-10
      Zr-90.09c       -3.700360000E-09
         421050       -3.044390000E-11
         531400       -1.987150000E-13
         932340       -1.941690000E-19
         812070       -6.520070000E-17
         491181       -1.843630000E-15
       Be-9.09c       -7.957810000E-02
     Ba-140.09c       -9.967070000E-06
      Kr-84.09c       -8.502670000E-11
         481111       -1.118090000E-18
     Cd-111.09c       -3.518340000E-12
         290690       -1.333390000E-15
         491180       -3.210550000E-13
          50120       -2.661520000E-28
         330900       -4.075280000E-20
         340791       -6.783940000E-11
      Se-79.09c       -1.947820000E-07
         631541       -3.489640000E-13
         270690       -6.574300000E-19
     Xe-132.09c       -1.445690000E-11
     Sn-126.09c       -5.008200000E-07
         481280       -7.431450000E-16
         651660       -6.934820000E-15
         611610       -3.232430000E-17
         521331       -2.648860000E-10
         501340       -2.638770000E-14
         360960       -1.533820000E-15
         892310       -1.272160000E-18
         421120       -2.416550000E-17
         671631       -3.211330000E-35
         671630       -6.999540000E-23
         260680       -7.244010000E-20
         411060       -4.820750000E-14
         571480       -1.136890000E-12
     Eu-153.09c       -3.578990000E-07
         651630       -5.531480000E-12
         932330       -5.191940000E-27
         370840       -5.678520000E-14
     Th-234.09c       -6.121080000E-08
      I-130.09c       -3.677990000E-10
         531301       -1.437880000E-12
         571520       -4.369990000E-17
         571490       -2.286490000E-13
         701710       -7.613170000E-14
         521251       -1.046990000E-16
        H-2.09c       -4.392230000E-15
         561500       -2.651030000E-17
     Cm-243.09c       -2.556800000E-07
         611530       -2.179050000E-10
         370960       -4.097410000E-14
         571420       -1.576650000E-07
         942350       -3.265320000E-21
         310820       -3.279200000E-15
         350780       -2.279290000E-22
     Sn-119.09c       -4.937080000E-08
         501191       -1.216700000E-11
         561430       -2.847130000E-10
         832140       -7.480910000E-22
     Rh-103.09c       -1.390560000E-18
     Ac-226.09c       -4.750830000E-20
         410971       -7.031890000E-13
         380950       -2.696250000E-10
     Am-242.09c       -2.561450000E-08
    Am-242m.09c       -1.738650000E-07
         521410       -1.776370000E-17
     Cm-247.09c       -2.932750000E-05
         651700       -2.498270000E-20
         932420       -2.782280000E-25
         461190       -5.635100000E-15
     Ba-135.09c       -9.754140000E-12
         531390       -3.328300000E-12
         561351       -3.015160000E-13
         371000       -8.825060000E-16
         300760       -8.213660000E-14
         912300       -2.148380000E-14
         471280       -2.896220000E-19
         441140       -4.166750000E-15
         621550       -2.638480000E-10
      Mo-97.09c       -1.191880000E-12
     Dy-162.09c       -4.423100000E-09
         491231       -1.712520000E-12
         491230       -7.615360000E-13
     Ce-139.09c       -3.148550000E-13
         531370       -2.021890000E-10
         350910       -1.255680000E-13
     Te-132.09c       -2.888570000E-10
         491330       -3.859980000E-17
         320880       -2.731900000E-20
      I-127.09c       -7.449380000E-13
         390980       -2.119620000E-12
      U-236.09c       -8.877550000E-03
         471210       -6.903820000E-15
         611541       -4.629080000E-12
         611540       -4.935550000E-11
         591520       -1.552780000E-12
         601590       -3.274630000E-17
         430980       -5.442070000E-21
         280760       -2.365520000E-19
         641630       -2.843180000E-13
     Sm-152.09c       -8.469820000E-07
         350841       -1.118800000E-10
       Li-6.09c       -3.122180000E-06
         330751       -1.637630000E-30
     Pu-244.09c       -2.122090000E-06
         481230       -4.042470000E-14
         481231       -3.648430000E-16
         340890       -2.965790000E-14
     Gd-158.09c       -5.645440000E-08
         411090       -8.214010000E-17
     Ce-140.09c       -4.727340000E-06
       N-14.09c       -3.207430000E-26
         320751       -1.282370000E-14
         320750       -7.786110000E-11
         892280       -7.065820000E-14
         391030       -8.230080000E-16
         431021       -3.224830000E-13
          30080       -2.518170000E-13
         651690       -1.309800000E-18
         431140       -3.160600000E-17
         330880       -6.220780000E-15
     Nd-146.09c       -7.861070000E-06
         270730       -2.012690000E-20
         320810       -2.641960000E-12
      Se-80.09c       -3.386590000E-07
       Y-91.09c       -8.549500000E-06
         390911       -2.582820000E-08
         300790       -2.333950000E-15
     Pd-108.09c       -6.723320000E-13
         541420       -8.718000000E-13
         461240       -4.458820000E-18
     Ru-106.09c       -1.146660000E-11
         461160       -4.466610000E-13
         581490       -1.439660000E-11
      Sr-87.09c       -4.294560000E-11
         380871       -1.500110000E-15
     Cf-251.09c       -4.232670000E-11
         290790       -2.426090000E-19
     Pa-232.09c       -9.634070000E-10
     Pm-148.09c       -6.639270000E-09
    Pm-148m.09c       -8.004080000E-09
      Cu-65.09c       -1.246430000E-19
    Ho-166m.09c       -4.412030000E-13
         411050       -1.132300000E-12
         561361       -3.126080000E-15
     Ba-136.09c       -2.023410000E-07
         360920       -4.488820000E-12
      Sr-89.09c       -2.201120000E-06
         401030       -9.014420000E-13
         360880       -2.716490000E-10
    Cd-115m.09c       -2.248800000E-10
         441200       -6.613250000E-20
         330830       -1.597980000E-11
         621620       -7.650790000E-16
     Sn-122.09c       -8.322340000E-08
     Nd-150.09c       -1.724400000E-06
         511301       -7.997750000E-11
         511280       -5.841620000E-11
         290720       -2.420180000E-15
         471130       -1.506050000E-13
         471131       -5.564250000E-13
         320860       -2.292760000E-14
         401020       -8.373150000E-12
         411020       -5.907600000E-12
         411021       -6.917040000E-12
         631650       -2.756670000E-17
         912340       -3.414720000E-08
         370980       -5.697580000E-15
      Zr-95.09c       -1.074500000E-05
         571460       -3.047790000E-11
         300800       -2.340280000E-16
         661690       -1.382850000E-15
     Te-125.09c       -2.359160000E-17
     In-115.09c       -1.664760000E-09
      Nb-93.09c       -8.712320000E-18
         541370       -5.011230000E-10
     Np-239.09c       -4.644780000E-08
     La-139.09c       -1.123300000E-05
         451051       -5.289960000E-16
     Rh-105.09c       -2.542560000E-15
         551430       -5.111820000E-12
         401060       -1.378790000E-16
     Gd-156.09c       -3.028970000E-08
         441190       -5.751910000E-19
         360950       -7.931290000E-16
      Se-74.09c       -4.727630000E-18
         832100       -4.060120000E-16
         360810       -9.583060000E-26
         360811       -1.654950000E-26
         421010       -1.803610000E-10
     Eu-154.09c       -4.631320000E-09
         671701       -2.711830000E-17
         671700       -3.263980000E-15
         411110       -7.199740000E-19
     Nd-148.09c       -4.202630000E-06
     Sb-123.09c       -2.790150000E-12
         370930       -3.841190000E-11
         501251       -7.728010000E-11
     Sn-125.09c       -1.006930000E-07
         641670       -4.696230000E-17
         591481       -4.273410000E-11
      Ga-69.09c       -4.929130000E-12
      Br-81.09c       -5.406080000E-07
         631600       -6.539130000E-13
         551381       -4.668130000E-10
         300720       -9.053940000E-11
         661590       -2.596120000E-19
         521360       -3.472050000E-11
     Sn-117.09c       -1.795730000E-08
         501171       -1.310780000E-11
         561490       -1.020850000E-15
         972510       -6.516530000E-16
      U-241.09c       -1.790250000E-19
     Gd-160.09c       -1.197380000E-08
     Th-233.09c       -8.749320000E-07
         531331       -1.203870000E-11
         531330       -1.943030000E-07
         661700       -4.197020000E-16
         511341       -4.465200000E-12
         691690       -1.365320000E-11
         611460       -1.639060000E-13
         280720       -2.431970000E-17
         491120       -6.842070000E-25
         611500       -2.701820000E-10
         511370       -1.020940000E-14
         441090       -6.836880000E-12
         681720       -1.468840000E-13
         521210       -2.137470000E-31
     Tb-159.09c       -1.638090000E-08
     Er-168.09c       -8.424310000E-11
         812090       -3.246320000E-18
         671640       -3.211370000E-19
         611590       -3.648170000E-15
         581470       -4.556030000E-10
         481150       -5.437450000E-10
         320710       -6.247520000E-19
         401040       -1.340010000E-13
         541450       -8.835900000E-17
         481270       -2.276480000E-15
     Ru-103.09c       -9.657690000E-12
      U-238.09c       -5.131320000E-05
         441120       -1.221710000E-13
         431050       -2.519470000E-11
          80190       -5.518010000E-13
         571440       -8.779970000E-10
     Er-166.09c       -1.604500000E-10
         431060       -1.738520000E-11
         601540       -6.809480000E-12
     Pu-239.09c       -3.137600000E-04
         381000       -6.334950000E-15
         430960       -0.000000000E+00
         300750       -1.131340000E-13
         340920       -1.683560000E-18
         591550       -2.885000000E-15
         461200       -1.743710000E-15
         431010       -4.242930000E-12
     Pr-141.09c       -3.216590000E-06
         471080       -1.999750000E-28
         471081       -1.429290000E-30
         491260       -1.137760000E-13
         491261       -1.102890000E-13
         441100       -3.110860000E-12
         471250       -4.660750000E-17
     Sm-151.09c       -8.626180000E-07
     Pu-236.09c       -1.628000000E-10
         912350       -1.173600000E-13
         922310       -6.396450000E-15
         621450       -3.732760000E-31
         471240       -1.762200000E-16
     Cd-108.09c       -8.663100000E-25
         611600       -8.188440000E-16
     Cs-137.09c       -3.072140000E-06
         621630       -5.193150000E-17
         471060       -1.875700000E-33
     Ba-132.09c       -5.124150000E-15
          70170       -5.818690000E-30
     Ce-143.09c       -2.684850000E-06
         290750       -1.104460000E-15
    Ag-110m.09c       -9.705900000E-17
         410941       -5.160290000E-18
         561480       -2.774740000E-14
         481191       -2.737390000E-12
         481190       -8.740670000E-12
         511340       -5.105940000E-13
         380990       -4.001870000E-14
         842160       -1.155670000E-17
         431110       -5.576990000E-15
         330870       -1.884170000E-14
     Nd-143.09c       -5.006330000E-06
         852180       -1.914850000E-28
         410970       -2.473660000E-10
     Pu-241.09c       -2.068900000E-04
         481200       -4.033420000E-12
         651670       -2.361250000E-15
         962380       -3.070520000E-32
         310730       -3.679950000E-11
         521380       -1.808780000E-13
         461210       -3.314180000E-16
         461111       -2.323630000E-13
         461110       -4.445410000E-12
     Ce-144.09c       -1.370580000E-05
      Sr-84.09c       -5.092040000E-16
         571410       -3.885700000E-07
     Pd-105.09c       -5.756480000E-19
         511270       -4.064710000E-11
         320820       -1.083170000E-12
         340850       -1.024290000E-10
      Mo-99.09c       -1.769860000E-10
         631610       -2.225810000E-13
         551380       -7.913440000E-09
         551470       -5.391450000E-16
         671690       -1.373280000E-14
         491190       -6.361070000E-12
         390920       -2.233310000E-07
      Zr-91.09c       -1.073350000E-06
         380920       -1.673230000E-07
         531410       -1.898340000E-14
     Np-235.09c       -2.429470000E-12
         451090       -4.455630000E-12
          40080       -2.021200000E-29
      Kr-85.09c       -8.845810000E-12
         360851       -1.054200000E-10
     Cd-110.09c       -5.168460000E-13
         621640       -1.068980000E-20
     Xe-133.09c       -5.444770000E-11
         541331       -3.527180000E-12
      Se-78.09c       -7.315370000E-08
         280690       -7.734310000E-17
         491290       -9.863460000E-14
         370970       -7.584160000E-15
        H-3.09c       -7.148200000E-13
         501211       -4.338150000E-09
         400980       -4.842760000E-10
         481290       -8.261220000E-16
         631500       -6.964450000E-18
         651620       -3.196260000E-12
     Gd-152.09c       -1.059920000E-14
         501350       -4.470250000E-16
         360910       -3.756230000E-11
         471100       -1.991600000E-17
         882220       -4.473250000E-20
         270660       -2.339080000E-19
         671620       -5.977920000E-34
         310770       -5.264490000E-13
         872210       -3.658920000E-16
         411010       -5.745940000E-11
         350830       -2.047340000E-08
         511321       -4.291820000E-11
      Rb-87.09c       -1.331450000E-07
         571510       -2.433620000E-15
         421110       -1.142360000E-16
     Cf-249.09c       -2.187860000E-05
         410931       -6.813670000E-18
       He-4.09c       -1.852380000E-11
         491171       -1.277860000E-10
     Te-124.09c       -1.279050000E-16
         561410       -3.019570000E-08
         671680       -2.177060000E-14
         681710       -3.119660000E-13
         621580       -1.349870000E-11
         932410       -4.976850000E-19
         571430       -2.272430000E-08
         902250       -7.574980000E-26
     Ac-227.09c       -2.187400000E-10
         551400       -1.115710000E-09
         310810       -1.524340000E-14
      Br-79.09c       -1.024720000E-10
         571530       -5.221840000E-21
         390970       -2.521980000E-11
         441070       -1.128000000E-11
     Pb-207.09c       -1.939040000E-10
         350870       -3.103800000E-10
         310790       -1.375240000E-13
      Kr-82.09c       -4.041110000E-14
         491161       -2.545490000E-14
         491160       -8.178050000E-16
         410960       -2.999330000E-13
         511241       -2.073690000E-15
     Sb-124.09c       -2.924490000E-15
         661660       -8.378310000E-11
         511380       -1.375660000E-17
         531380       -2.207520000E-11
       C-12.09c       -1.515080000E-17
     Am-241.09c       -9.988360000E-06
         501320       -3.170800000E-11
         300711       -1.728030000E-14
         300710       -2.653610000E-14
         350920       -1.033100000E-14
         521330       -1.199620000E-10
     Sn-114.09c       -8.112250000E-17
         441170       -3.390800000E-17
     Sm-154.09c       -2.315310000E-07
     Sb-121.09c       -1.593650000E-12
         641620       -3.418560000E-12
         491220       -1.281680000E-13
         491221       -2.174610000E-13
         531360       -5.822380000E-10
         531361       -2.355560000E-10
       He-3.09c       -3.822890000E-20
         962510       -1.969060000E-16
         390990       -4.648110000E-12
      Mo-94.09c       -1.463100000E-20
     Dy-163.09c       -3.048810000E-09
     Te-123.09c       -5.086120000E-21
         471200       -1.482640000E-14
         471201       -2.671880000E-15
         441180       -6.625000000E-18
         611550       -7.398070000E-12
         922351       -1.180510000E-07
      U-235.09c       -8.957540000E-03
         922420       -2.124660000E-24
          40100       -3.149800000E-05
         390950       -1.111640000E-08
         581510       -2.799620000E-13
         280670       -5.650540000E-17
         330760       -9.069130000E-13
       Li-7.09c       -2.481580000E-01
         822100       -6.569330000E-13
         451130       -2.825590000E-13
         481240       -1.810310000E-14
         631640       -4.297840000E-16
         581391       -1.365030000E-17
          70130       -0.000000000E+00
     Ba-134.09c       -7.207080000E-12
         391000       -5.542980000E-13
         601570       -8.438920000E-15
          30090       -3.199380000E-21
         431150       -7.074210000E-18
         471150       -9.776290000E-13
     Nd-147.09c       -3.272380000E-06
         481320       -5.008500000E-23
      Ge-74.09c       -3.383250000E-09
         561470       -3.492100000E-13
         340810       -9.425160000E-10
         340811       -1.820350000E-10
         912290       -5.042750000E-18
         491291       -1.909570000E-13
         461150       -1.026910000E-12
         581480       -3.271820000E-10
         300780       -1.074720000E-14
         641610       -2.481520000E-12
         461090       -1.162060000E-12
         461091       -6.641260000E-15
         270720       -6.384020000E-20
         380960       -7.055900000E-12
         942371       -5.019170000E-20
         431120       -1.126150000E-15
         621460       -1.753930000E-15
         390981       -4.674910000E-12
     Ho-165.09c       -6.594460000E-10
         581370       -1.195150000E-23
         541410       -3.788830000E-12
         511220       -1.144690000E-16
         400990       -2.855200000E-11
         290780       -2.693740000E-18
     Pa-233.09c       -3.325420000E-04
         471151       -6.457360000E-14
         360890       -2.617000000E-10
         581500       -4.881410000E-12
         290660       -3.676290000E-16
         501281       -7.970530000E-12
         411040       -2.453230000E-12
         411041       -4.559370000E-13
         401080       -9.493990000E-19
         651650       -1.172810000E-13
         451180       -2.903520000E-16
     Cd-114.09c       -1.075190000E-08
         681650       -3.943800000E-19
         621600       -7.928170000E-14
         451220       -1.834960000E-19
         631521       -4.953640000E-17
     Ba-137.09c       -1.077420000E-08
         561371       -1.965490000E-12
         360790       -2.850320000E-31
         511330       -8.688780000E-11
         521311       -8.220960000E-11
         370861       -6.139860000E-14
         842130       -4.932050000E-24
         852170       -3.946910000E-20
         330820       -1.195750000E-11
         330821       -4.713060000E-12
     Pd-102.09c       -0.000000000E+00
         320870       -1.353130000E-16
     Cs-133.09c       -1.035100000E-10
         862220       -2.147350000E-19
         290710       -3.375650000E-15
         531321       -1.736840000E-09
      Zr-96.09c       -1.105900000E-05
         531420       -1.166880000E-15
         300810       -5.865350000E-18
     La-138.09c       -1.626100000E-11
         621570       -3.820340000E-11
         932400       -4.422120000E-13
         310850       -1.223480000E-19
         370990       -4.462160000E-18
         410920       -6.053600000E-30
       B-10.09c       -7.341350000E-12
         340771       -2.448600000E-15
      Se-77.09c       -2.689070000E-08
         350821       -3.491930000E-13
         451040       -7.811230000E-19
         451041       -3.483550000E-19
         551440       -8.146750000E-13
     Gd-155.09c       -3.493910000E-10
         501360       -5.075770000E-18
         360940       -2.463540000E-14
     Cm-240.09c       -7.796820000E-17
         511201       -8.945070000E-22
      Kr-86.09c       -1.474590000E-10
         471140       -7.174250000E-14
         671710       -5.099050000E-16
         842180       -1.187210000E-22
         601490       -2.532750000E-08
         421140       -1.888820000E-19
         631490       -1.505510000E-21
         370901       -1.192320000E-09
         370900       -9.175340000E-10
     Sn-124.09c       -1.720080000E-07
         421020       -1.758220000E-10
     Eu-155.09c       -1.048700000E-07
     Sn-112.09c       -2.124970000E-22
         310680       -9.695800000E-23
         822090       -1.378090000E-14
    Te-127m.09c       -2.344240000E-15
         350801       -9.820920000E-16
     Th-232.09c       -1.386000000E+00
     Bk-250.09c       -1.396570000E-19
     Bi-209.09c       -1.228610000E-09
         521370       -1.497940000E-12
     Th-228.09c       -1.864620000E-08
     Cf-250.09c       -1.793020000E-15
         872220       -2.256230000E-26
         581530       -5.003150000E-15
         390891       -9.554610000E-16
       Y-89.09c       -3.200080000E-07
         661650       -8.648340000E-12
         952390       -2.944310000E-17
         862170       -4.618850000E-26
         611450       -8.931370000E-17
         280730       -1.147600000E-17
         822140       -1.007280000E-21
     In-113.09c       -4.129410000E-14
         410990       -1.201120000E-10
         551341       -5.721110000E-12
         441080       -1.420860000E-11
     Pm-151.09c       -1.530190000E-07
      As-75.09c       -9.943700000E-09
         601600       -3.190130000E-21
         571370       -1.514710000E-12
         541380       -4.594430000E-10
         882270       -4.530840000E-20
     Am-244.09c       -4.825500000E-08
    Am-244m.09c       -3.108840000E-08
         591480       -8.512650000E-10
         661720       -6.435730000E-24
         661651       -5.264100000E-14
         350890       -8.742420000E-12
      Ge-70.09c       -1.019330000E-15
         300660       -7.595480000E-13
         391040       -7.073100000E-17
     Ru-100.09c       -3.999770000E-16
         491310       -6.458770000E-15
         451120       -5.364000000E-13
     Er-167.09c       -1.239940000E-10
     Pr-142.09c       -9.996550000E-11
     Dy-160.09c       -6.316550000E-12
     Pu-238.09c       -2.647450000E-03
         381030       -5.116010000E-19
         491340       -6.448110000E-19
         300740       -4.601940000E-13
     Gd-153.09c       -1.327810000E-16
       O-16.09c       -8.508750000E-12
     Te-130.09c       -2.323260000E-11
         451140       -7.673910000E-14
         922300       -2.157750000E-15
         491251       -9.345120000E-13
         451170       -1.546530000E-15
         350840       -7.193390000E-09
         340910       -1.565990000E-16
         591540       -4.907610000E-14
     Sm-150.09c       -9.913760000E-07
         551300       -1.530900000E-31
       F-19.09c       -1.494360000E+00
         280740       -5.684480000E-18
         471270       -2.507450000E-18
         320791       -4.641370000E-12
         320790       -3.268660000E-12
     Ba-133.09c       -3.252540000E-18
         561331       -4.798270000E-20
     Ce-142.09c       -1.833840000E-05
          70160       -2.919230000E-12
     Ag-111.09c       -1.861370000E-14
         471111       -5.066280000E-14
         581540       -1.554970000E-16
         481180       -1.929350000E-10
     Cs-136.09c       -9.508150000E-08
         551361       -4.436400000E-12
     Sm-148.09c       -1.055740000E-08
         330860       -3.466340000E-13
     Nd-144.09c       -3.974790000E-07
         320771       -1.015500000E-13
         320770       -2.031520000E-09
     Pu-242.09c       -2.257150000E-04
         100200       -1.060960000E-11
         481210       -4.711230000E-13
         481211       -2.310950000E-13
         380980       -6.941460000E-13
         310700       -2.045360000E-18
         471181       -2.961850000E-14
         471180       -1.267470000E-13
         521390       -3.697160000E-15
     Pd-106.09c       -1.230160000E-15
         270710       -1.815640000E-19
         601520       -8.080780000E-10
         380850       -7.412140000E-19
         541440       -4.832440000E-15
         320830       -1.569830000E-13
         340860       -3.750280000E-11
         651580       -4.142600000E-15
     Pd-110.09c       -5.960160000E-12
         651610       -3.501510000E-09
         591510       -2.247970000E-11
     Xe-130.09c       -1.811260000E-13
         932361       -1.579300000E-15
     Np-236.09c       -2.115960000E-09
         591421       -4.902420000E-13
         370890       -3.383150000E-09
         451080       -5.366130000E-13
         451081       -1.119180000E-13
         551480       -6.857120000E-18
         481131       -1.931060000E-11
     Cd-113.09c       -1.047990000E-09
         611580       -5.222520000E-14
         641510       -3.003580000E-22
      Ru-98.09c       -1.512120000E-24
         441130       -2.110210000E-14
         280680       -1.247910000E-16
         601530       -1.923700000E-11
         842150       -4.226320000E-22
         561420       -1.737490000E-08
     Sn-120.09c       -5.445020000E-08
         561390       -8.820790000E-08
     Eu-151.09c       -1.665900000E-10
         421080       -2.152890000E-13
      Rb-86.09c       -9.184210000E-10
         330810       -2.657370000E-11
         360900       -1.492450000E-10
         882290       -1.250740000E-15
         270670       -8.160310000E-19
         370940       -6.530440000E-12
         411000       -1.843950000E-11
         411001       -3.703750000E-12
         290740       -1.107480000E-15
         421100       -1.723850000E-15
         641650       -4.567150000E-15
         832120       -2.841780000E-13
         310800       -3.692880000E-14
     Sb-126.09c       -1.071700000E-13
     Er-170.09c       -1.374470000E-11
          60140       -7.674900000E-17
         862180       -4.038890000E-23
         451031       -5.995560000E-17
     La-140.09c       -1.079900000E-06
         551390       -8.785890000E-09
         551410       -4.140610000E-10
         591450       -3.379940000E-07
         380930       -8.234530000E-09
         862190       -9.572340000E-19
     Pb-206.09c       -7.683150000E-13
         541341       -1.558260000E-13
      Kr-83.09c       -8.486610000E-13
         360831       -4.843740000E-11
     Xe-134.09c       -1.850270000E-10
         410951       -4.392770000E-13
      Nb-95.09c       -4.000070000E-11
         401010       -1.281470000E-11
         631620       -3.664370000E-14
         491170       -4.828010000E-11
      Zr-92.09c       -1.112620000E-05
         421070       -1.482020000E-12
     Eu-156.09c       -6.251830000E-08
         350950       -6.196290000E-20
         952400       -5.159090000E-14
          60130       -2.145040000E-15
         501330       -3.093460000E-13
     Sb-125.09c       -5.357660000E-12
         300700       -9.250920000E-12
         350930       -2.361130000E-15
         310760       -8.336720000E-13
     Sn-115.09c       -8.734340000E-11
         360980       -3.658950000E-17
         431090       -2.020960000E-13
         561510       -1.684200000E-18
         330780       -6.269520000E-10
         942340       -4.496550000E-24
         431040       -2.774330000E-11
      I-135.09c       -4.235710000E-07
         591500       -1.460810000E-11
         350850       -9.111380000E-10
         681630       -9.827960000E-27
      Mo-95.09c       -2.786320000E-16
     Dy-164.09c       -1.412410000E-09
     Te-122.09c       -7.016110000E-19
         491210       -1.596910000E-12
         902310       -5.778170000E-08
         611560       -2.191010000E-12
         621590       -2.216630000E-13
         330770       -5.926870000E-09
      U-234.09c       -3.022320000E-02
         491191       -3.845580000E-11
         471230       -4.796690000E-16
         601550       -7.340300000E-13
         501280       -9.023190000E-09
         641660       -6.661920000E-16
         380970       -1.130200000E-12
         280660       -2.342250000E-13
     Ra-223.09c       -2.893740000E-13
         421060       -7.382720000E-12
         892290       -1.960520000E-14
         280700       -6.383170000E-17
         822110       -5.044030000E-16
          40110       -2.007810000E-29
         481250       -4.331790000E-15
         631580       -1.313890000E-10
         431160       -5.986650000E-19
         581460       -9.973570000E-09
         390961       -6.946630000E-11
         511390       -5.262420000E-19
         451101       -4.693950000E-13
         451100       -8.520440000E-13
         591441       -1.230080000E-11
         551310       -1.153070000E-23
         481090       -4.078100000E-21
         310741       -2.388080000E-15
         310740       -2.539180000E-12
         350940       -2.074260000E-17
         631660       -8.284820000E-21
         481310       -6.119740000E-16
         320731       -7.353220000E-17
      Ge-73.09c       -1.334390000E-09
         260670       -2.206220000E-19
         391010       -1.404360000E-13
         511200       -6.815460000E-25
    Te-129m.09c       -1.554240000E-12
         521290       -7.809740000E-13
         461140       -2.251970000E-12
         491281       -3.611080000E-14
         651680       -2.991240000E-16
         531260       -1.583430000E-13
         390960       -3.949860000E-11
      Se-82.09c       -8.739730000E-07
         390930       -6.830110000E-07
      Mo-92.09c       -0.000000000E+00
     Sm-147.09c       -1.642600000E-08
         671641       -2.286860000E-19
     Cm-245.09c       -3.527650000E-04
         441160       -2.939060000E-16
         350860       -3.131060000E-10
         541400       -7.221120000E-11
         461220       -1.489320000E-16
     Ru-104.09c       -5.763190000E-13
      U-233.09c       -3.223140000E-02
         471161       -4.950170000E-14
         471160       -8.945730000E-13
         561460       -4.750250000E-12
         390940       -2.180530000E-08
         481171       -5.744300000E-11
         481170       -2.133520000E-10
         551351       -3.612040000E-11
     Cs-135.09c       -2.156360000E-08
         411070       -3.281920000E-15
         812060       -3.103320000E-25
         290770       -1.026710000E-17
         411080       -2.058930000E-16
         451190       -1.416760000E-16
         521340       -3.954590000E-10
         491271       -3.731520000E-13
         511320       -7.648710000E-11
         310780       -2.354680000E-13
         621610       -1.002060000E-14
         451210       -4.285860000E-18
     Ba-130.09c       -8.866760000E-31
         511281       -4.729300000E-12
     Cm-248.09c       -3.083880000E-05
     Ra-224.09c       -9.602270000E-11
         300680       -2.878960000E-12
         842100       -1.117190000E-14
         330850       -6.595160000E-13
         601410       -1.385470000E-19
         400890       -1.455440000E-18
      Kr-78.09c       -1.222930000E-27
         491320       -1.226350000E-15
         320840       -4.738440000E-14
         551320       -2.419080000E-13
         461130       -2.950990000E-12
         290700       -2.091800000E-16
         290701       -1.229990000E-16
         541270       -4.618380000E-29
         461030       -1.077910000E-31
         531430       -4.983840000E-17
         300820       -1.992290000E-19
         491240       -2.344000000E-13
         451070       -1.161540000E-12
         641680       -4.654840000E-21
         671660       -2.444690000E-11
         310840       -3.949370000E-16
         400970       -7.079100000E-07
         421040       -6.489670000E-11
         892320       -3.382730000E-16
      Se-76.09c       -6.089800000E-12
         501210       -7.455730000E-09
         541291       -8.613640000E-26
     Xe-129.09c       -1.615900000E-18
         551450       -1.065240000E-13
         290681       -4.084790000E-17
         290680       -1.400240000E-16
         380940       -1.216150000E-09
     Xe-135.09c       -3.690700000E-10
         541351       -9.650640000E-11
         360970       -7.119520000E-18
     Cm-241.09c       -5.575950000E-14
         621560       -3.880250000E-09
         270680       -4.988790000E-19
         370910       -7.797450000E-10
         360870       -2.059380000E-10
     Gd-154.09c       -1.081830000E-11
         421130       -2.960090000E-18
         932401       -9.190860000E-14
         290670       -6.104240000E-13
         260690       -3.110380000E-20
         501271       -1.178830000E-10
         501270       -1.067080000E-08
         421030       -1.001880000E-10
     Eu-152.09c       -2.423760000E-11
     Tb-160.09c       -6.243440000E-11
         671720       -1.295070000E-17
      Rb-85.09c       -3.986790000E-09
     Te-126.09c       -2.319800000E-15
         591490       -5.434200000E-10
         902350       -3.465440000E-14
      I-131.09c       -5.053540000E-08
         390880       -6.609220000E-16
         581520       -7.517140000E-14
     Th-229.09c       -2.988520000E-07
         350800       -2.563700000E-16
     Pb-208.09c       -8.840620000E-08
         661680       -5.780820000E-14
         872230       -5.696960000E-18
         561440       -1.818030000E-10
         521270       -3.034930000E-15
         611521       -5.535770000E-12
         611520       -2.962190000E-10
          20060       -5.546430000E-14
         310830       -7.888510000E-17
         410980       -4.077280000E-11
     Sn-118.09c       -4.075720000E-08
         410981       -3.039470000E-12
         491211       -5.463720000E-12
     Ac-225.09c       -1.094780000E-12
     Am-243.09c       -1.154990000E-03
         511261       -5.645790000E-14
     Cm-246.09c       -4.680560000E-04
         350880       -6.129050000E-11
         300670       -1.740900000E-12
     Ra-226.09c       -5.308030000E-10
         391050       -9.741520000E-19
         381020       -7.724700000E-18
         691710       -7.266570000E-12
         441150       -1.438150000E-15
         591440       -6.107040000E-10
     Er-164.09c       -4.728340000E-17
     Pr-143.09c       -9.291180000E-06
      Mo-96.09c       -1.698240000E-16
     Dy-161.09c       -3.670240000E-09
         471170       -7.964290000E-13
         461180       -3.277710000E-14
         491241       -2.252850000E-13
         300770       -2.229080000E-14
         350900       -1.600760000E-12
         521310       -3.875310000E-11
       O-17.09c       -5.291810000E-15
      U-237.09c       -1.625820000E-05
         471260       -1.274560000E-17
     Ce-138.09c       -2.769720000E-14
         340900       -3.474260000E-15
         591530       -5.637790000E-13
         631630       -7.642020000E-15
         952380       -1.880680000E-32
         430991       -1.366730000E-14
      Tc-99.09c       -2.099640000E-15
         280750       -2.214950000E-18
          90180       -1.796860000E-12
         320780       -6.006830000E-10
         661670       -7.598000000E-14
     Sm-153.09c       -9.521950000E-08
         571470       -1.241270000E-11
      As-74.09c       -3.363460000E-17
