mat fuel -3.301730000E+00  tmp 900  vol 5.29970E+07
         531361       -2.996410000E-10
         581520       -1.841690000E-13
         330780       -3.982830000E-10
      Nb-94.09c       -1.594220000E-16
      I-129.09c       -4.866850000E-10
         400970       -6.257320000E-07
          40080       -3.610150000E-29
         551320       -1.843550000E-11
         481150       -1.344720000E-09
         691720       -2.135630000E-12
      I-135.09c       -4.567380000E-07
     Np-235.09c       -8.313890000E-11
         701720       -5.961510000E-12
         541351       -9.274420000E-11
         501320       -5.435490000E-11
         451200       -1.795550000E-17
     Rh-103.09c       -5.943150000E-18
     La-139.09c       -9.978440000E-06
         481111       -3.180370000E-16
         491200       -5.081420000E-13
      I-130.09c       -6.737770000E-10
         651700       -1.107850000E-19
         521270       -8.633250000E-15
         491291       -1.073700000E-13
     Sn-124.09c       -2.233340000E-07
         421100       -1.373120000E-15
         481131       -6.716230000E-11
         491120       -6.335330000E-24
         461130       -1.169130000E-11
         531331       -1.372250000E-11
         350860       -1.742020000E-10
         501311       -8.176580000E-11
     Tb-159.09c       -9.880950000E-08
     Pr-143.09c       -7.616890000E-06
         681710       -1.508930000E-12
         922390       -6.631860000E-12
     Mo-100.09c       -3.405320000E-10
     Rh-105.09c       -1.664110000E-14
         491280       -6.725770000E-14
      U-236.09c       -5.098680000E-03
          90200       -3.858150000E-12
         481230       -9.663860000E-14
         521360       -3.500110000E-11
      U-233.09c       -8.187650000E-02
         501251       -8.373590000E-11
     Am-244.09c       -4.057250000E-07
     Cm-241.09c       -3.999360000E-11
         451051       -2.699240000E-15
         330830       -8.619160000E-12
         471140       -2.549420000E-13
         531360       -6.603520000E-10
         561470       -3.842290000E-13
         471181       -8.227310000E-14
         280660       -1.332410000E-12
         822120       -1.809050000E-11
         410951       -3.403830000E-13
         421030       -2.347020000E-10
         391040       -1.313220000E-16
     Pu-237.09c       -6.707570000E-08
         631620       -1.664960000E-13
         461071       -3.904730000E-16
         561310       -6.498810000E-21
         571440       -7.476410000E-10
         511270       -3.787470000E-11
         320840       -2.346670000E-14
     Dy-160.09c       -2.415100000E-11
         401020       -1.212850000E-11
     Pm-147.09c       -2.335920000E-06
         651660       -3.065840000E-14
         471170       -2.291390000E-12
         320830       -9.892440000E-14
         621630       -2.003380000E-16
         410970       -2.178650000E-10
         561420       -1.438720000E-08
         330800       -4.596660000E-12
         651670       -9.882600000E-15
     Cf-249.09c       -5.011230000E-05
         300711       -1.297270000E-13
         551380       -8.135180000E-09
         511301       -7.871890000E-11
         300790       -1.267580000E-15
         481090       -1.872490000E-19
         430960       -0.000000000E+00
     Nd-142.09c       -3.806150000E-10
         611521       -1.758040000E-11
         320790       -1.791010000E-12
     Pd-106.09c       -1.370660000E-14
      U-238.09c       -5.130590000E-06
         491260       -1.327690000E-13
         461200       -3.042160000E-15
      U-237.09c       -2.532010000E-06
     Cm-246.09c       -3.708510000E-03
         340920       -1.961030000E-18
     Te-126.09c       -1.678690000E-14
         681720       -1.937260000E-12
         410971       -4.747170000E-13
     Ac-227.09c       -2.373120000E-14
         340850       -5.673340000E-11
         661580       -5.612490000E-17
     Cd-108.09c       -1.283640000E-23
         431090       -1.333000000E-12
         340880       -3.975730000E-13
     Sb-123.09c       -3.415060000E-12
         491220       -2.096640000E-13
         561331       -2.410130000E-18
         511310       -2.013070000E-10
         491271       -3.771910000E-13
         631580       -8.015110000E-10
     Xe-133.09c       -6.100300000E-11
      Sr-84.09c       -2.235040000E-15
         360810       -2.929500000E-26
         591450       -3.036550000E-07
         932400       -2.511820000E-13
     Ce-144.09c       -1.169200000E-05
         591540       -2.369990000E-13
         922420       -3.121160000E-28
         661650       -3.604800000E-11
         461120       -1.994900000E-11
         651650       -5.082860000E-13
       F-19.09c       -1.468060000E+00
         431100       -3.198770000E-13
         842130       -7.669070000E-23
         280690       -3.071270000E-16
      Kr-83.09c       -4.697690000E-13
         421060       -3.728850000E-11
         410980       -3.978050000E-11
     Eu-155.09c       -5.367420000E-07
         611590       -2.808820000E-14
          70130       -0.000000000E+00
       O-17.09c       -1.298640000E-14
         631500       -3.679510000E-17
         340860       -2.166890000E-11
         431130       -2.633960000E-16
     Th-234.09c       -1.132440000E-09
     Cm-247.09c       -5.255170000E-04
         380920       -1.042570000E-07
         370880       -3.807390000E-10
     Pu-238.09c       -7.104710000E-02
     Ce-141.09c       -1.210570000E-05
         862200       -2.725290000E-14
         932401       -5.256970000E-14
         571370       -1.495230000E-11
     Pb-208.09c       -3.332820000E-07
     Cd-106.09c       -6.552520000E-31
     Pd-105.09c       -9.347390000E-18
         591440       -4.991330000E-10
         290720       -2.103960000E-15
         481310       -1.185880000E-16
         320750       -4.323780000E-11
         310800       -2.581780000E-14
         421140       -1.517710000E-19
    Te-129m.09c       -9.948860000E-13
      Rb-86.09c       -6.014990000E-10
         591500       -2.308170000E-11
         541400       -7.100380000E-11
         360940       -2.412100000E-14
         340750       -1.899890000E-20
     Ru-104.09c       -2.351420000E-12
         651640       -1.669520000E-12
         300740       -2.815410000E-13
         541390       -2.066300000E-10
         451090       -3.320260000E-11
         671641       -2.012900000E-15
      Ru-98.09c       -3.495270000E-22
         491250       -2.268270000E-13
         691710       -3.575800000E-11
     Ru-106.09c       -7.832040000E-11
     Xe-126.09c       -1.332980000E-17
         270720       -5.129700000E-20
         581450       -2.627750000E-09
         350800       -9.588240000E-17
         511221       -4.151040000E-15
         481210       -1.044800000E-12
         591510       -4.107440000E-11
         390970       -2.578020000E-11
         431120       -3.100370000E-15
         651610       -1.901070000E-08
         340830       -1.541430000E-09
         661651       -2.154870000E-13
      Se-74.09c       -7.126450000E-18
         641610       -1.343180000E-11
         300730       -3.138620000E-14
         310760       -4.932790000E-13
     Cd-111.09c       -1.866690000E-11
         812060       -5.997840000E-26
         511261       -1.293600000E-13
      Mo-94.09c       -1.801360000E-19
     Gd-158.09c       -1.924090000E-07
      Mo-95.09c       -2.208640000E-16
     Eu-156.09c       -2.465910000E-07
         390960       -3.670630000E-11
         411020       -9.959580000E-12
         511330       -1.053000000E-10
         310810       -9.785400000E-15
         300710       -2.627310000E-14
         631490       -1.067030000E-20
         581380       -2.860050000E-13
         491140       -2.484020000E-20
         842180       -6.231780000E-22
     Cm-244.09c       -4.888440000E-02
    Cd-115m.09c       -6.758590000E-10
         601560       -6.631640000E-13
         491181       -2.441720000E-14
         451130       -1.231500000E-12
         491211       -1.151220000E-11
         581510       -5.226260000E-13
         892320       -4.433750000E-16
         822110       -9.109350000E-17
         310840       -7.665380000E-17
         280760       -1.900740000E-19
     Nd-143.09c       -4.121640000E-06
         581500       -6.949580000E-12
          80180       -1.390530000E-13
         471200       -4.581510000E-14
         501330       -3.816740000E-13
         340840       -3.651680000E-10
      Mo-99.09c       -1.874100000E-10
         330821       -2.868520000E-12
         290750       -6.118790000E-16
     Nd-148.09c       -4.802890000E-06
     Gd-160.09c       -6.648770000E-08
         812070       -1.177500000E-17
         571460       -2.993800000E-11
         360980       -6.993430000E-18
         381020       -1.080610000E-17
     Pd-108.09c       -5.475960000E-12
         591400       -2.281890000E-17
         611580       -3.691870000E-13
     Dy-161.09c       -2.017780000E-08
         491281       -5.698570000E-14
         411100       -3.543630000E-18
     Eu-157.09c       -2.222350000E-08
     Cd-114.09c       -3.544140000E-08
    Am-242m.09c       -1.346290000E-03
     Cs-137.09c       -2.792230000E-06
         882270       -6.069500000E-20
         591460       -1.714840000E-08
     Sb-121.09c       -3.305160000E-12
         661660       -3.913470000E-10
      Mo-96.09c       -2.944690000E-16
         541370       -4.856640000E-10
         541460       -3.932510000E-18
         441180       -1.154330000E-17
         340811       -1.400740000E-10
     Sb-124.09c       -1.685240000E-14
      Ge-74.09c       -2.142150000E-09
     Sn-116.09c       -3.350570000E-11
         561480       -4.087790000E-14
      Mo-92.09c       -0.000000000E+00
         330890       -4.769450000E-18
     Te-122.09c       -3.868830000E-17
         531390       -3.860760000E-12
         471240       -1.700990000E-16
         320850       -1.769160000E-15
         601570       -5.893740000E-14
         421010       -2.470100000E-10
         310741       -1.979920000E-15
         290730       -2.102950000E-15
         842120       -9.046040000E-23
         260660       -7.787290000E-19
         270710       -2.260940000E-19
     Sm-148.09c       -2.185470000E-09
         481290       -4.011080000E-16
     Pu-242.09c       -7.978450000E-02
         330810       -1.604700000E-11
         290740       -7.608750000E-16
         531340       -2.752780000E-08
         481300       -1.838200000E-15
         310820       -1.553990000E-15
         521380       -2.116320000E-13
         531420       -2.134680000E-15
         411040       -8.926020000E-12
         601510       -2.343600000E-09
         270730       -1.617240000E-20
         912350       -1.521460000E-17
         471221       -6.283950000E-15
         481240       -2.364540000E-14
         461110       -2.283250000E-11
         691690       -6.284990000E-11
      Sr-90.09c       -3.737250000E-06
         571410       -3.300630000E-07
         370960       -5.072870000E-14
      Ge-72.09c       -2.671470000E-10
         270680       -1.744990000E-18
         882210       -1.971640000E-27
      Sr-86.09c       -2.385000000E-10
     Te-125.09c       -3.536480000E-16
         491151       -1.100570000E-10
         290780       -3.026280000E-18
         350890       -6.065580000E-12
         300660       -4.321450000E-12
         451081       -1.098460000E-12
     Sn-125.09c       -1.175360000E-07
         902310       -5.351670000E-08
     Np-237.09c       -1.790470000E-02
         360900       -8.091200000E-11
     Te-123.09c       -1.267980000E-17
         591580       -4.510540000E-21
         942371       -1.178630000E-18
         421080       -8.228330000E-13
         481320       -9.682750000E-24
          80190       -9.902710000E-13
     Ag-109.09c       -1.423650000E-15
         591560       -2.001840000E-15
         501191       -4.235670000E-11
         641680       -2.064420000E-20
      Cu-65.09c       -1.152590000E-18
     Ag-107.09c       -1.013210000E-19
         360790       -3.063580000E-31
         571470       -1.527850000E-11
         541430       -6.851360000E-14
    Te-127m.09c       -2.734700000E-14
         581390       -3.125650000E-12
         431060       -1.129700000E-10
         400980       -4.748300000E-10
         451210       -3.823860000E-18
         952450       -1.848770000E-10
         571500       -3.789990000E-14
     Th-230.09c       -1.126100000E-05
         491180       -7.966290000E-13
         511290       -1.076030000E-10
      Nb-93.09c       -2.529770000E-17
     Bk-249.09c       -3.878420000E-06
         290790       -1.949410000E-19
         481270       -8.356670000E-16
         320820       -6.350530000E-13
         300770       -1.247760000E-14
          30080       -1.587700000E-14
         300720       -7.530020000E-11
         441160       -1.589860000E-15
         471151       -1.478970000E-13
         511281       -4.128920000E-12
         611450       -2.964450000E-16
         491171       -3.453670000E-10
     Sm-147.09c       -1.787210000E-08
      U-232.09c       -4.520580000E-06
         491320       -1.672170000E-15
         270660       -1.341450000E-18
         521350       -9.931390000E-11
     Pu-246.09c       -3.857480000E-17
         621580       -8.163490000E-11
      I-131.09c       -3.991590000E-08
         100200       -7.245330000E-12
     Ac-226.09c       -1.465280000E-28
         952460       -9.637700000E-20
         431160       -3.694910000E-18
         902350       -3.205330000E-16
         471120       -4.721070000E-13
         932420       -4.087210000E-29
         431010       -6.006790000E-12
         842160       -6.977800000E-17
         681690       -8.032950000E-11
         300750       -6.000900000E-14
         611570       -2.333210000E-12
         390950       -8.701450000E-09
         491261       -1.356020000E-13
         350850       -4.785680000E-10
         370900       -4.938700000E-10
         370990       -1.272520000E-17
     Te-130.09c       -1.962210000E-11
         511350       -6.099130000E-13
         340900       -2.390030000E-15
         270690       -1.729760000E-18
         611500       -1.005260000E-10
         461111       -1.091880000E-12
         340870       -3.810270000E-12
         561460       -4.351390000E-12
         390891       -6.383260000E-16
         511241       -1.178290000E-14
         290660       -2.091610000E-15
         611460       -3.897130000E-13
         812100       -5.286100000E-26
         390880       -9.586430000E-16
         320710       -1.451090000E-18
         451041       -2.227960000E-16
         922410       -2.052230000E-22
     Ru-103.09c       -2.248340000E-11
         511321       -5.520870000E-11
     Sn-118.09c       -1.011840000E-07
         431080       -1.565630000E-11
         310770       -3.256030000E-13
         912340       -1.140220000E-14
     Pa-231.09c       -1.211420000E-11
         411060       -3.634160000E-13
     La-138.09c       -1.686520000E-10
       Y-90.09c       -7.371140000E-10
         330740       -5.069560000E-17
     Gd-155.09c       -2.258070000E-09
         601530       -4.899590000E-11
         511220       -3.217250000E-15
     Am-243.09c       -8.048780000E-02
         631660       -3.674450000E-20
         360950       -1.472960000E-15
         350900       -1.246720000E-12
     Xe-134.09c       -1.983210000E-10
         551470       -1.017450000E-15
     Sn-115.09c       -2.161970000E-10
         591570       -8.027150000E-17
         330840       -1.067690000E-12
         671690       -6.181790000E-14
         411030       -1.180920000E-11
         922300       -9.557310000E-18
         461170       -4.196470000E-13
         942340       -2.015060000E-21
         561440       -1.477440000E-10
         501360       -6.335760000E-18
         912300       -6.625910000E-23
         491290       -5.455900000E-14
       Li-7.09c       -2.485370000E-01
         621560       -1.915590000E-08
         441130       -1.196670000E-13
         561330       -1.599300000E-16
         601580       -6.989110000E-15
         591480       -9.362580000E-10
         501270       -9.868250000E-09
         571520       -3.501510000E-16
         350820       -2.764620000E-10
         641590       -1.036990000E-08
         391020       -3.002010000E-14
     Np-236.09c       -5.756310000E-07
      Se-78.09c       -4.647230000E-08
         531320       -5.911200000E-09
         461091       -6.145960000E-14
      Se-77.09c       -1.703230000E-08
         411070       -2.308790000E-14
         521331       -2.450570000E-10
     Er-167.09c       -6.077570000E-10
         391050       -8.590870000E-19
         621640       -4.741190000E-20
         521330       -1.227430000E-10
         882290       -1.516500000E-15
         491300       -1.423590000E-14
         601520       -1.644350000E-09
         300670       -8.631220000E-12
     Am-242.09c       -7.384960000E-06
         561371       -2.725000000E-12
       O-16.09c       -1.450630000E-11
         962380       -8.399280000E-29
         641530       -9.424950000E-16
         391010       -2.016450000E-13
         541311       -2.046350000E-14
         471131       -2.165830000E-12
         441080       -1.127270000E-10
         932361       -6.824060000E-15
         290701       -6.650500000E-16
         360920       -2.960110000E-12
         451140       -3.583610000E-13
      Se-79.09c       -1.087000000E-07
         661720       -5.957420000E-24
         942350       -1.008350000E-18
         411110       -5.784660000E-19
         370950       -4.299260000E-13
     Sm-152.09c       -1.606960000E-06
         491161       -1.017860000E-13
         390961       -5.880670000E-11
         381030       -4.514200000E-19
         280740       -7.793340000E-18
         952400       -5.450210000E-10
         571430       -1.861410000E-08
         521231       -6.463830000E-17
         671710       -2.164450000E-15
         571480       -1.640060000E-12
         571450       -3.161900000E-10
         531430       -4.385590000E-17
         360870       -1.063000000E-10
         621450       -1.189470000E-30
         912341       -8.256740000E-17
         410920       -4.219140000E-29
         501301       -1.964720000E-10
         451150       -9.083420000E-14
         350830       -1.129050000E-08
         330850       -3.702660000E-13
         551310       -2.362930000E-21
         310780       -1.500690000E-13
      Kr-85.09c       -4.143150000E-12
         832130       -5.101040000E-14
         481231       -6.741960000E-16
     Ba-130.09c       -2.109920000E-28
         491210       -3.306170000E-12
         491190       -1.302280000E-11
         370930       -2.966160000E-11
         541380       -4.528340000E-10
         561430       -2.522350000E-10
         611530       -5.722610000E-10
         501231       -3.767490000E-10
         401000       -9.625710000E-11
         521340       -4.031560000E-10
         862220       -1.127160000E-18
         350840       -3.913830000E-09
         370980       -2.439100000E-15
         561390       -7.832710000E-08
         561361       -2.922540000E-15
         671701       -3.995080000E-16
         511300       -7.861880000E-11
         501291       -4.359600000E-10
          60140       -1.459510000E-16
         471080       -2.960500000E-27
         340831       -8.660460000E-12
         481191       -4.695240000E-12
     Pm-149.09c       -8.096800000E-07
         581370       -3.236900000E-22
     Ra-226.09c       -2.786230000E-09
         461240       -3.593640000E-18
         380871       -5.242030000E-15
         832110       -5.399960000E-18
         631640       -1.638240000E-15
         270700       -5.880920000E-19
         461160       -1.421910000E-12
         360970       -7.790910000E-17
         501271       -1.056930000E-10
         561500       -1.156290000E-16
         932340       -1.468370000E-16
         310690       -2.123160000E-11
         471230       -8.863850000E-16
         541270       -1.402350000E-27
         912290       -9.006350000E-26
         411080       -1.444500000E-15
         390920       -1.382920000E-07
         641660       -2.826470000E-15
         290770       -1.437790000E-17
      I-127.09c       -8.885480000E-12
      Kr-86.09c       -7.902850000E-11
         461190       -1.887050000E-14
         561490       -2.200390000E-15
     Ru-102.09c       -7.989260000E-12
         501171       -3.396140000E-11
          20060       -9.742620000E-14
         350870       -1.761400000E-10
         601590       -3.208850000E-16
         410960       -3.219860000E-13
         441100       -1.890810000E-11
         501310       -7.999630000E-11
         631650       -1.026660000E-16
         832120       -1.715820000E-12
         451220       -1.474400000E-19
         541341       -1.699940000E-13
         531260       -1.513880000E-12
         330770       -3.751760000E-09
         511370       -2.557280000E-15
         501280       -8.520730000E-09
      Se-82.09c       -5.179570000E-07
         661690       -5.631700000E-15
         471190       -1.950490000E-13
       N-15.09c       -5.361050000E-12
          70170       -3.785930000E-29
         922400       -1.108000000E-15
     Xe-135.09c       -3.891800000E-10
         340791       -3.780350000E-11
          60150       -9.748860000E-27
         280700       -2.106850000E-16
     Sn-117.09c       -4.715430000E-08
         260680       -9.513570000E-20
         581470       -4.936000000E-10
     Ce-140.09c       -4.124480000E-06
     Cm-250.09c       -6.103860000E-11
         400890       -2.329840000E-18
         390931       -8.086300000E-13
         621600       -4.514690000E-13
         290681       -2.465710000E-16
     Ru-101.09c       -1.465810000E-13
       Y-91.09c       -4.915810000E-06
         471260       -1.155320000E-17
         290680       -6.271640000E-16
      Zr-94.09c       -8.863650000E-06
     Te-128.09c       -2.812520000E-13
         822140       -5.287330000E-21
         360851       -5.525160000E-11
         671670       -1.070550000E-11
     Pm-151.09c       -2.798470000E-07
         310720       -2.136180000E-11
     Ag-111.09c       -9.796000000E-14
         340771       -1.552270000E-15
     Cd-112.09c       -4.672280000E-11
         481211       -4.737110000E-13
         401010       -1.776940000E-11
         611550       -3.170100000E-11
         360831       -2.671230000E-11
         350821       -2.999770000E-13
         461210       -5.862650000E-16
         390990       -6.356270000E-12
         551440       -1.104090000E-12
         280750       -2.599610000E-18
         802060       -1.652190000E-27
         290670       -3.026240000E-12
         501281       -7.331140000E-12
     Sm-149.09c       -2.620690000E-06
         601540       -2.172940000E-11
     Nd-145.09c       -8.941090000E-06
     Pr-142.09c       -4.116490000E-11
         370970       -8.590560000E-15
     Np-239.09c       -7.126550000E-08
         451060       -1.933710000E-14
      Zr-96.09c       -9.343510000E-06
         621610       -6.003770000E-14
     Ba-140.09c       -8.695560000E-06
     Pd-110.09c       -3.561560000E-11
         441200       -5.313890000E-20
         310710       -1.195210000E-10
     Ba-136.09c       -1.823880000E-07
         591481       -8.424730000E-11
     Sn-126.09c       -5.207210000E-07
     Sn-123.09c       -6.707070000E-08
     Cm-249.09c       -5.495750000E-10
     Ba-138.09c       -2.961060000E-06
      Mo-97.09c       -1.051860000E-12
         451180       -9.621300000E-16
      Kr-80.09c       -1.724250000E-18
         521210       -3.062280000E-29
     Er-166.09c       -7.409730000E-10
     Ba-137.09c       -1.492600000E-08
         471201       -9.607310000E-15
     Sm-150.09c       -7.577230000E-08
         902250       -4.167780000E-26
         310680       -1.153780000E-21
         300760       -4.431430000E-14
         491221       -3.253400000E-13
         541450       -2.037020000E-16
     Cs-133.09c       -2.139920000E-10
      As-75.09c       -5.524150000E-09
      Sr-88.09c       -2.277680000E-07
         812080       -3.050490000E-14
         611541       -1.865550000E-11
         551480       -1.720800000E-17
         511390       -4.179340000E-19
         621590       -1.342900000E-12
         862180       -1.095370000E-23
         641670       -1.538070000E-16
         631600       -3.599010000E-12
         411001       -4.765550000E-12
         280710       -1.001350000E-16
         611610       -2.241010000E-16
       Li-6.09c       -6.850890000E-05
         461180       -1.062130000E-13
         260690       -2.499260000E-20
         410991       -3.489000000E-11
         501350       -8.344600000E-16
         661700       -1.524540000E-15
         350940       -1.503320000E-16
         671660       -1.127730000E-10
         430970       -0.000000000E+00
         581530       -2.005340000E-14
     Cs-134.09c       -2.715080000E-09
         430971       -0.000000000E+00
         430980       -1.257940000E-18
         401030       -1.588120000E-12
     Cf-250.09c       -3.571520000E-15
       He-3.09c       -5.372700000E-20
      Tc-99.09c       -2.654870000E-15
         561410       -2.578500000E-08
         421020       -2.934840000E-10
         651680       -1.091370000E-15
         882220       -1.213170000E-20
          40100       -5.340970000E-06
          60120       -4.123910000E-17
         832140       -3.926790000E-21
         360910       -2.231070000E-11
         611560       -1.130890000E-11
      Rb-87.09c       -6.110110000E-08
         380960       -6.645670000E-12
     Pd-104.09c       -2.211600000E-17
         551450       -1.382090000E-13
      Se-76.09c       -2.750560000E-12
         330751       -2.095070000E-30
         491201       -3.022340000E-13
      Ru-99.09c       -2.627630000E-19
         380980       -7.079880000E-13
         441120       -6.471490000E-13
     Cm-248.09c       -1.592680000E-04
         521390       -7.047360000E-15
         431140       -1.063040000E-16
         501210       -1.546000000E-08
         370861       -3.844250000E-14
         631541       -5.206260000E-13
        H-1.09c       -9.584410000E-14
         511320       -1.165520000E-10
         431050       -1.276300000E-10
         501211       -9.104450000E-09
         481190       -2.073090000E-11
         330870       -8.248330000E-15
         431070       -7.178540000E-11
         421040       -2.017000000E-10
         390930       -4.545390000E-07
         822090       -2.142850000E-13
     Cf-251.09c       -1.841690000E-11
         892280       -3.625100000E-14
         280730       -1.896730000E-17
         651630       -2.365130000E-11
         962510       -5.481320000E-17
          40110       -6.908050000E-30
     Xe-132.09c       -1.613490000E-11
         611540       -1.634920000E-10
         411050       -4.327560000E-12
         511200       -3.597670000E-24
         551341       -2.240960000E-11
         320810       -1.566020000E-12
         431000       -4.722350000E-15
         872220       -6.958800000E-35
         461150       -3.299370000E-12
         521400       -1.114140000E-15
     Pd-102.09c       -0.000000000E+00
     Er-170.09c       -6.471730000E-11
     In-113.09c       -1.483170000E-13
         320800       -6.882460000E-12
         882280       -2.971050000E-10
         491231       -2.381820000E-12
      Ge-73.09c       -8.695870000E-10
         481280       -2.581610000E-16
     Bi-209.09c       -1.469450000E-08
         290710       -3.382610000E-15
         310740       -1.595990000E-12
         441110       -2.201220000E-12
         350801       -4.530770000E-16
         591470       -7.448040000E-09
         892290       -2.377090000E-14
         260670       -7.391860000E-19
      Nb-95.09c       -3.089020000E-11
     Nd-144.09c       -3.075860000E-07
         601600       -1.414960000E-20
         300800       -1.304120000E-16
         531380       -3.043560000E-11
     Ba-134.09c       -3.214830000E-11
     Np-238.09c       -7.751220000E-06
         471161       -1.506400000E-13
         320791       -2.446490000E-12
         852170       -6.137230000E-19
         591530       -1.792250000E-12
     Cd-116.09c       -2.347510000E-08
         441070       -9.420920000E-11
     Cs-135.09c       -3.185830000E-08
         651620       -1.515100000E-11
         471150       -3.041770000E-12
         551381       -4.069560000E-10
     Gd-154.09c       -7.797460000E-12
         410941       -4.547160000E-17
     Dy-164.09c       -6.047960000E-09
         381000       -6.911750000E-15
     Xe-129.09c       -2.227430000E-17
         441140       -2.625480000E-14
         521410       -1.417370000E-17
     Nd-146.09c       -7.517810000E-06
         932330       -5.378860000E-25
         451031       -1.640330000E-16
         581550       -4.976750000E-17
         391030       -2.305680000E-15
         631521       -4.088020000E-14
         300690       -1.132050000E-13
         410990       -1.300310000E-10
     Ce-142.09c       -1.510290000E-05
         631610       -1.205120000E-12
         300691       -3.589800000E-16
      Ge-76.09c       -1.079680000E-08
      Zr-95.09c       -8.277390000E-06
         471091       -2.472860000E-15
     Eu-153.09c       -9.186760000E-07
         571420       -1.299280000E-07
         380850       -1.395650000E-18
         380950       -2.248120000E-10
     Cs-136.09c       -8.550130000E-08
         511341       -6.463430000E-12
         431021       -8.577680000E-13
       B-10.09c       -1.737380000E-11
         551410       -3.833200000E-10
         370940       -6.548050000E-12
         471171       -1.775940000E-13
     Th-227.09c       -8.696830000E-14
         390980       -2.627970000E-12
         280720       -5.361530000E-17
     Ba-135.09c       -5.022170000E-11
         401040       -3.508910000E-13
         511380       -3.176110000E-17
         290700       -9.188860000E-16
      Rb-85.09c       -1.908660000E-09
         461030       -1.632070000E-29
     Cd-113.09c       -7.123830000E-09
         360811       -2.723170000E-27
        H-3.09c       -1.004610000E-12
     Pb-206.09c       -8.174050000E-14
     Pd-107.09c       -1.650170000E-13
         360890       -1.365750000E-10
      Zr-93.09c       -7.873820000E-06
         601550       -3.104200000E-12
      Ge-70.09c       -2.925140000E-15
         922351       -3.383900000E-08
         370890       -1.732970000E-09
     Ce-143.09c       -2.200150000E-06
         451160       -2.499780000E-14
         501340       -3.230670000E-14
         671700       -1.332880000E-14
    Ag-110m.09c       -1.922670000E-15
         581490       -1.842680000E-11
         431170       -3.909880000E-20
         451080       -4.356570000E-12
      Sr-87.09c       -3.818120000E-11
         360930       -5.786670000E-13
         421130       -2.378380000E-18
         350880       -3.695850000E-11
         561351       -3.002020000E-12
         681671       -2.599770000E-16
         671631       -4.523470000E-31
         591520       -3.807070000E-12
     Am-241.09c       -4.985120000E-02
         491240       -3.211340000E-13
         300810       -5.881570000E-18
         972510       -1.814030000E-16
         481250       -4.562270000E-15
         501290       -3.703810000E-10
         300780       -5.741280000E-15
      Zr-90.09c       -2.030900000E-09
         410981       -2.332410000E-12
         551420       -1.358090000E-11
         842110       -5.989400000E-23
         892310       -1.752920000E-18
         380940       -8.902390000E-10
     Sn-120.09c       -1.093170000E-07
     Th-229.09c       -4.647090000E-06
         822100       -1.270050000E-13
      Zr-91.09c       -6.172180000E-07
      Kr-84.09c       -4.634790000E-11
         481171       -1.279320000E-10
         360880       -1.386590000E-10
         320780       -3.782950000E-10
         541331       -2.906770000E-12
         641650       -1.871650000E-14
         872230       -6.180670000E-22
         942450       -9.206770000E-10
         531440       -1.415910000E-23
         491251       -1.092110000E-12
     Cm-245.09c       -1.150610000E-02
         491340       -5.117210000E-19
         471180       -3.754450000E-13
         390981       -6.185400000E-12
         310850       -9.830930000E-20
         471081       -1.667830000E-29
       N-14.09c       -1.455280000E-25
         661670       -3.456980000E-13
         591550       -1.734750000E-14
         481220       -5.401940000E-13
         451120       -2.549610000E-12
         461220       -1.762820000E-16
         330900       -3.274420000E-20
          70160       -4.976910000E-12
       B-11.09c       -7.948470000E-15
     Th-228.09c       -1.125930000E-07
         491191       -9.093830000E-11
     Xe-136.09c       -5.586470000E-10
         381010       -3.686170000E-16
         370840       -2.492020000E-13
         531330       -2.192840000E-07
         350930       -1.719000000E-15
         842150       -7.632590000E-23
     Er-168.09c       -3.291500000E-10
         411090       -1.009900000E-16
         391000       -1.055320000E-12
         581480       -3.425500000E-10
         591441       -4.354460000E-12
         380970       -1.204290000E-12
         671640       -1.870420000E-15
         440970       -1.871850000E-34
         350950       -4.977570000E-20
         421110       -1.153060000E-16
     Ra-225.09c       -2.536900000E-11
         451070       -1.027210000E-11
         491270       -1.190810000E-13
         531410       -2.268810000E-14
     Nd-147.09c       -3.522570000E-06
     Sb-125.09c       -6.118100000E-12
         511360       -3.666490000E-14
     Sn-122.09c       -1.271890000E-07
         902260       -5.961550000E-19
         320770       -1.282220000E-09
         932410       -5.705130000E-22
      Mo-98.09c       -2.893410000E-10
         541440       -7.099270000E-15
     Bk-250.09c       -2.155660000E-19
         511340       -7.356450000E-13
         421070       -7.355230000E-12
         401060       -9.444620000E-16
          60130       -5.563700000E-15
         862190       -1.728730000E-19
         531341       -8.020390000E-10
         481260       -2.108160000E-15
         812090       -5.047850000E-17
         350910       -8.090570000E-14
         651570       -3.030680000E-13
         581460       -9.534100000E-09
     Nd-150.09c       -2.726910000E-06
         471270       -2.015160000E-18
         541410       -4.643680000E-12
         551460       -9.708120000E-15
         451110       -1.195910000E-11
      Kr-82.09c       -4.584200000E-14
     Gd-156.09c       -1.192340000E-07
     Ho-165.09c       -2.764620000E-09
         511201       -7.873450000E-18
      Kr-78.09c       -1.884760000E-27
       Y-89.09c       -1.616820000E-07
         611600       -6.142710000E-15
         310700       -5.869610000E-18
         451020       -6.819780000E-30
         571510       -7.389010000E-15
         451101       -2.562320000E-12
         360960       -8.667710000E-16
         310790       -8.262130000E-14
         471100       -3.481740000E-16
         330760       -4.086880000E-13
     Th-233.09c       -3.101820000E-07
     Eu-151.09c       -3.837930000E-10
         370901       -6.327510000E-10
         451061       -3.190510000E-14
         471130       -5.805570000E-13
         380990       -5.447900000E-14
         581391       -2.054610000E-16
         671620       -1.048960000E-29
         431110       -1.926350000E-14
         922310       -5.003460000E-14
         591421       -2.026910000E-13
         531400       -2.881370000E-13
         471060       -1.484230000E-31
         340810       -5.801650000E-10
     Cd-110.09c       -9.032000000E-12
     Ra-224.09c       -5.797740000E-10
      Se-80.09c       -1.955960000E-07
         441150       -9.361440000E-15
         852180       -1.005120000E-27
         551390       -8.114760000E-09
         621570       -2.032490000E-10
         340890       -2.164400000E-14
         411041       -1.761330000E-12
         471250       -4.858860000E-17
         451170       -5.813660000E-15
         521290       -4.875000000E-13
         461140       -8.108040000E-12
       He-4.09c       -9.497030000E-11
         521251       -2.047100000E-15
         541420       -1.091630000E-12
         461090       -8.664770000E-12
         651690       -6.211200000E-18
         661710       -9.380250000E-18
         661590       -2.318690000E-18
         451190       -2.676720000E-16
     Ac-225.09c       -1.702320000E-11
         370920       -3.220110000E-11
         411021       -1.410360000E-11
     Xe-130.09c       -3.262190000E-13
         300700       -3.706130000E-11
     Cm-242.09c       -1.470010000E-03
     Pu-243.09c       -1.012460000E-06
         320870       -2.727160000E-17
         471280       -2.327150000E-19
      Br-79.09c       -5.717090000E-11
         531321       -1.935220000E-09
     Pa-232.09c       -6.549930000E-19
         420930       -1.442690000E-31
         421120       -2.367330000E-17
     Xe-131.09c       -1.185580000E-12
         300820       -1.586020000E-19
         320751       -8.444920000E-15
         350841       -6.185700000E-11
         330880       -1.300830000E-15
         521310       -3.018810000E-11
      U-235.09c       -1.252490000E-02
     La-140.09c       -9.421200000E-07
         320880       -2.195140000E-20
          50120       -3.270250000E-28
         671680       -9.187720000E-14
         681630       -1.384360000E-22
         641640       -2.961590000E-13
         461230       -2.078260000E-17
     Te-132.09c       -2.301340000E-10
         411000       -2.151770000E-11
         441090       -5.578820000E-11
         401070       -8.544740000E-18
     Pu-244.09c       -3.563630000E-05
     Gd-152.09c       -5.691670000E-13
     Sm-151.09c       -1.727180000E-06
     Th-232.09c       -6.265950000E-01
         431040       -9.046410000E-11
     Pb-207.09c       -2.848210000E-11
         561450       -2.305030000E-11
         431030       -5.847170000E-11
     Eu-154.09c       -3.017270000E-09
         371000       -1.683160000E-16
          90180       -5.030100000E-12
         390940       -1.552920000E-08
         641510       -3.840800000E-20
         681650       -2.172720000E-17
         270670       -3.739400000E-18
     Sm-153.09c       -2.419110000E-07
         330790       -9.243830000E-11
      Br-81.09c       -3.329060000E-07
         340910       -1.706090000E-16
         401050       -2.953400000E-14
         491310       -7.994800000E-15
         611620       -3.728290000E-20
         280670       -2.788540000E-16
     Pu-236.09c       -2.388700000E-08
         471111       -2.650180000E-13
         952390       -4.406910000E-13
         421090       -5.314190000E-14
     Xe-128.09c       -1.519950000E-15
         511280       -5.445230000E-11
     Eu-152.09c       -3.819520000E-12
      U-234.09c       -4.673540000E-02
     Dy-162.09c       -2.110020000E-08
         671630       -2.038740000E-20
         400990       -3.097470000E-11
     Gd-157.09c       -2.515800000E-07
         962390       -1.095030000E-23
         862170       -7.182060000E-25
         410931       -7.743470000E-18
     Sn-112.09c       -1.968950000E-21
        H-2.09c       -9.679630000E-15
         491241       -3.120690000E-13
         501300       -4.408210000E-10
         551300       -3.641490000E-29
         671661       -6.569510000E-12
         340930       -1.934640000E-19
     Er-164.09c       -2.773530000E-13
         310830       -7.399630000E-17
     Sn-119.09c       -1.078550000E-07
         621620       -3.661170000E-15
         521311       -6.311560000E-11
     Sb-126.09c       -3.371250000E-13
         571530       -1.217830000E-19
         491141       -5.087350000E-17
         661680       -2.312890000E-13
     Pu-241.09c       -3.543130000E-02
         651580       -3.025830000E-12
    Pm-148m.09c       -2.256420000E-09
         320771       -6.536830000E-14
         330820       -6.845020000E-12
         401080       -7.612310000E-19
         370910       -4.567030000E-10
     Ru-105.09c       -8.257830000E-12
         430991       -1.454740000E-14
         571490       -4.057160000E-13
         551351       -6.086130000E-11
         491230       -9.264040000E-13
       Be-9.09c       -7.985250000E-02
         842100       -2.140610000E-15
         431150       -2.806970000E-17
     Cm-240.09c       -7.014940000E-14
     Ra-223.09c       -5.226000000E-14
    Am-244m.09c       -2.607190000E-07
     Pm-148.09c       -1.288210000E-09
         300680       -1.293110000E-11
         631590       -1.823730000E-10
         872210       -5.689420000E-15
         601490       -3.430780000E-08
         441190       -5.637240000E-19
         491160       -3.013220000E-16
         551400       -1.045690000E-09
         390911       -1.484920000E-08
         531280       -1.174740000E-13
     Ru-100.09c       -6.222730000E-15
         330860       -1.080250000E-13
     Pa-233.09c       -4.924870000E-09
         471210       -1.988290000E-14
     Tb-160.09c       -2.306870000E-10
          30090       -9.854380000E-21
         641630       -1.193000000E-12
         290760       -1.247990000E-16
         521370       -1.824480000E-12
         491170       -1.248220000E-10
     Te-124.09c       -1.144820000E-15
     Sm-154.09c       -7.833490000E-07
         350780       -3.512800000E-22
      Zr-92.09c       -6.888660000E-06
         491330       -7.591770000E-17
         320860       -4.393500000E-15
         561510       -1.327020000E-18
         832100       -7.847030000E-17
         310750       -1.079970000E-12
         621460       -4.081280000E-15
         451040       -4.457190000E-17
         581540       -1.453240000E-15
         431020       -2.010540000E-12
     Sn-114.09c       -2.454070000E-16
         290690       -5.744050000E-15
     In-115.09c       -4.219410000E-09
         611520       -6.041310000E-10
     Ba-132.09c       -3.999170000E-13
         380910       -3.028080000E-07
         481200       -8.056600000E-12
         621550       -1.140000000E-09
         551430       -6.488220000E-12
         441170       -9.696180000E-17
         591490       -7.304670000E-10
         641620       -1.606550000E-11
         310730       -2.396320000E-11
         551361       -3.988370000E-12
         421050       -1.269820000E-10
         350920       -8.457960000E-15
         451100       -5.111300000E-12
         601410       -1.493960000E-19
         541291       -6.936840000E-25
         531301       -1.693530000E-12
         481170       -5.765230000E-10
     Pr-141.09c       -2.735490000E-06
         411010       -8.087010000E-11
         380930       -5.553390000E-09
         531370       -2.396780000E-10
     Cm-243.09c       -2.004800000E-04
         671720       -1.374300000E-16
     Dy-163.09c       -1.291120000E-08
         481180       -4.778630000E-10
     Pu-240.09c       -2.322400000E-01
         280680       -5.495520000E-16
      Sr-89.09c       -1.111910000E-06
         952380       -5.144530000E-29
         701710       -3.861000000E-13
         320731       -4.791000000E-17
         471160       -2.699090000E-12
         631630       -3.103490000E-14
         471220       -2.260160000E-15
         390901       -5.587550000E-13
         571461       -2.814780000E-11
     Pu-239.09c       -9.750920000E-02
         842140       -5.101420000E-26
